100.01 0.759
100.01 0.707
100.01 0.707
70.01 0.883
100.01 0.601
100.01 0.601
100.01 0.592
90.01 0.959
100.01 0.236
100.01 0.306
100.01 0.802
100.01 0.807
90.01 1.043
100.01 0.652
100.01 0.652
90.01 1.112
80.01 0.348
90.01 0.771
90.01 0.701
100.01 0.864
90.01 2.786
90.01 0.531
100.01 0.797
100.01 0.797
80.01 0.968
100.01 0.996
90.01 0.679
100.01 0.612
80.01 1.073
80.01 0.966
100.01 0.683
100.01 0.807
100.01 0.683
80.01 0.849
100.01 0.289
100.01 0.289
90.01 0.574
90.01 0.804
100.01 2.022
100.01 2.022
100.01 1.057
90.01 0.640
80.01 4.303
100.01 0.899
80.01 1.946
80.01 0.739
80.01 1.547
80.01 0.576
80.01 1.456
90.01 0.956
60.01 1.315
100.01 0.475
100.01 0.475
100.01 1.745
100.01 1.745
100.01 0.996
100.01 1.226
70.01 0.894
91.71 1.691
100.01 0.969
100.01 0.320
100.01 0.320
90.01 0.808
90.01 0.943
80.01 0.794
80.01 0.702
90.01 1.101
80.01 0.939
90.01 0.863
100.01 0.866
80.01 0.931
100.01 0.387
100.01 0.387
100.01 0.635
70.01 0.753
100.01 1.233
80.01 0.963
80.01 0.990
100.01 1.092
100.01 1.092
100.01 1.090
90.01 0.763
41.71 4.342
70.01 0.732
100.01 1.090
100.01 1.098
100.01 1.417
100.01 0.713
80.01 1.134
80.01 1.073
70.01 0.814
70.01 2.873
70.01 0.902
80.01 1.134
100.01 1.187
100.01 0.646
70.01 1.462
80.01 0.990
100.01 1.187
90.01 0.942
100.01 0.654
90.01 0.665
100.01 0.558
90.01 1.005
80.01 0.921
80.01 2.607
100.01 3.118
100.01 3.118
70.01 3.019
100.01 1.234
100.01 0.990
90.01 1.093
90.01 0.883
90.01 1.353
90.01 0.883
90.01 0.710
80.01 0.996
90.01 0.808
100.01 1.109
100.01 0.917
90.01 0.913
90.01 0.666
100.01 0.709
100.01 0.709
100.01 0.654
100.01 0.876
83.31 1.721
80.01 0.658
81.81 1.357
80.01 1.172
80.01 0.916
100.01 0.813
100.01 0.969
90.01 0.757
100.01 0.791
100.01 0.791
90.01 1.188
90.91 2.705
90.01 1.059
100.01 0.632
100.01 0.727
100.01 0.612
100.01 0.727
100.01 0.681
100.01 1.275
90.91 0.984
100.01 0.804
100.01 0.352
100.01 0.324
100.01 0.401
100.01 0.345
100.01 0.355
100.01 0.372
90.01 0.294
100.01 0.278
100.01 0.309
100.01 0.336
70.01 0.931
80.01 0.867
80.01 0.800
100.01 1.226
100.01 0.904
100.01 0.904
100.01 1.226
100.01 1.161
100.01 1.173
100.01 1.215
100.01 1.579
100.01 1.579
90.01 0.989
100.01 0.864
100.01 1.210
100.01 1.196
100.01 0.919
100.01 1.216
100.01 1.154
100.01 1.257
100.01 1.255
100.01 1.805
80.01 0.844
100.01 0.958
100.01 0.958
100.01 0.876
100.01 0.715
100.01 1.132
100.01 3.193
90.91 0.884
100.01 0.649
100.01 0.978
80.01 1.024
90.01 0.957
90.01 1.391
100.01 0.784
80.01 4.352
100.01 0.990
90.01 0.758
100.01 0.759
90.01 0.922
90.01 0.586
100.01 3.059
90.01 0.822
100.01 0.802
100.01 0.770
100.01 0.558
100.01 0.956
41.71 4.342
100.01 0.583
100.01 0.583
90.01 0.765
100.01 1.234
100.01 1.100
90.91 0.960
100.01 1.108
100.01 0.590
100.01 0.590
90.01 0.933
100.01 0.666
80.01 1.084
100.01 0.747
70.01 1.039
80.01 0.570
80.01 1.050
90.01 0.686
100.01 0.853
100.01 0.853
90.01 0.675
80.01 1.974
100.01 1.402
100.01 1.402
100.01 0.380
100.01 0.380
90.01 1.134
100.01 0.981
90.01 0.819
90.01 1.099
90.01 0.871
90.01 0.930
90.01 0.745
90.01 0.810
90.01 0.791
80.01 0.736
80.01 1.157
80.01 0.787
100.01 0.522
90.01 1.289
66.71 2.112
80.01 0.922
90.01 0.804
100.01 0.513
100.01 0.911
100.01 0.911
100.01 0.513
100.01 0.768
100.01 0.507
100.01 0.439
100.01 0.915
90.01 0.716
100.01 0.361
100.01 0.361
100.01 0.667
100.01 0.672
90.01 1.289
80.01 1.104
100.01 1.057
100.01 0.433
100.01 0.733
100.01 0.828
90.01 0.773
100.01 0.879
80.01 0.892
100.01 0.180
100.01 0.180
80.01 1.059
80.01 0.718
90.01 0.669
80.01 1.946
100.01 0.632
100.01 1.501
100.01 1.806
100.01 1.806
80.01 4.028
100.01 0.672
100.01 1.501
70.01 0.993
70.01 0.964
100.01 1.000
100.01 0.679
90.01 1.843
90.01 1.063
90.01 0.574
60.01 0.887
90.01 0.352
90.01 0.352
83.31 1.263
100.01 1.132
80.01 4.221
90.01 0.758
90.01 0.514
70.01 0.882
100.01 0.800
70.01 1.738
100.01 1.350
100.01 1.350
100.01 1.234
90.01 0.924
80.01 1.547
70.01 0.878
100.01 0.288
80.01 1.146
100.01 3.059
83.31 1.263
80.01 0.296
100.01 0.355
100.01 0.355
100.01 0.714
100.01 0.547
100.01 0.768
100.01 0.839
90.01 1.749
70.01 2.655
90.01 0.501
90.01 0.810
90.01 1.061
90.01 0.717
100.01 0.129
100.01 0.129
100.01 0.524
100.01 0.524
90.01 0.882
90.91 2.705
70.01 1.133
100.01 4.408
100.01 0.706
100.01 0.706
80.01 0.824
100.01 0.860
100.01 0.379
100.01 0.379
60.01 2.430
100.01 0.290
90.91 0.817
80.01 0.708
100.01 0.815
80.01 0.939
70.01 0.944
70.01 4.432
100.01 1.179
80.01 0.719
60.01 1.601
90.01 0.943
100.01 0.611
100.01 0.646
80.01 1.198
100.01 1.514
90.01 1.112
100.01 0.626
100.01 0.784
100.01 0.291
60.01 1.400
90.01 0.635
91.71 0.535
41.71 1.059
100.01 0.772
100.01 0.813
100.01 0.899
90.01 0.776
100.01 2.540
90.01 0.314
80.01 1.381
80.01 0.939
90.01 0.990
70.01 1.032
100.01 0.404
100.01 0.773
100.01 0.594
100.01 0.448
70.01 1.113
80.01 0.992
100.01 0.611
100.01 0.666
100.01 0.823
100.01 0.968
90.01 0.920
80.01 0.835
81.81 0.858
100.01 1.514
90.01 0.838
100.01 1.105
100.01 0.962
100.01 0.707
90.01 0.531
100.01 0.876
90.01 0.807
90.01 0.981
80.01 0.992
50.01 1.736
70.01 0.760
80.01 0.701
80.01 0.779
80.01 0.426
100.01 0.379
100.01 0.379
80.01 1.040
90.01 0.775
100.01 1.000
83.31 0.930
90.01 0.628
100.01 0.552
60.01 1.137
90.01 0.819
100.01 0.232
100.01 0.232
100.01 0.897
100.01 0.897
80.01 1.162
80.01 1.002
100.01 0.552
