100.01 0.740
100.01 0.777
100.01 0.777
100.01 0.895
70.01 1.812
60.01 1.344
100.01 0.211
100.01 0.317
100.01 0.317
70.01 1.092
100.01 0.211
100.01 0.347
100.01 0.238
80.01 0.609
77.81 0.631
70.01 2.018
77.81 0.631
83.31 0.870
70.01 0.481
90.01 0.859
90.01 0.859
66.71 1.086
70.01 1.182
60.01 1.243
50.01 3.231
100.01 0.962
100.01 0.886
100.01 0.700
70.01 0.885
55.61 0.909
66.71 0.703
80.01 1.427
100.01 0.750
100.01 1.052
60.01 0.399
100.01 0.446
100.01 0.446
88.91 0.641
90.01 0.639
100.01 2.091
100.01 2.091
100.01 0.850
100.01 1.469
90.01 0.885
83.31 2.986
80.01 0.819
75.01 1.156
80.01 0.806
66.71 1.102
100.01 0.212
70.01 0.547
80.01 0.886
90.01 3.057
90.01 3.057
100.01 1.066
100.01 1.066
100.01 1.202
100.01 1.202
66.71 1.372
100.01 1.398
90.01 0.962
100.01 0.597
100.01 0.597
80.01 1.050
77.81 0.875
77.81 0.735
100.01 0.179
100.01 0.179
70.01 0.220
80.01 1.161
60.01 1.354
60.01 1.145
90.01 0.123
100.01 1.633
100.01 1.633
50.01 1.768
100.01 0.635
100.01 1.367
70.01 3.268
100.01 1.042
100.01 1.042
100.01 2.136
80.01 0.646
50.01 0.801
70.01 1.709
100.01 2.136
100.01 1.996
100.01 1.410
100.01 1.895
50.01 1.768
60.01 1.656
60.01 1.546
80.01 2.753
70.01 1.293
60.01 0.694
100.01 0.882
100.01 1.381
70.01 3.268
70.01 1.288
70.01 0.612
80.01 1.027
70.01 1.293
80.01 1.427
60.01 1.301
100.01 0.212
100.01 1.239
90.01 1.040
100.01 1.296
100.01 1.296
70.01 1.316
80.01 0.475
90.01 0.671
90.01 0.962
80.01 0.699
80.01 1.242
80.01 0.886
80.01 0.598
100.01 1.052
60.01 0.644
90.01 0.926
66.71 0.765
70.01 1.247
100.01 0.461
100.01 0.461
80.01 1.415
91.71 0.943
66.71 1.736
60.01 2.207
66.71 2.151
100.01 1.988
60.01 0.754
100.01 0.700
90.01 0.848
80.01 0.941
100.01 0.611
100.01 0.650
90.01 0.810
66.71 1.186
70.01 1.062
100.01 0.707
100.01 0.780
60.01 1.929
90.01 0.367
90.01 1.235
100.01 0.886
90.01 0.855
88.91 0.573
100.01 0.666
100.01 0.674
100.01 0.651
100.01 1.125
100.01 0.670
100.01 0.593
100.01 0.652
100.01 0.600
100.01 0.659
80.01 0.744
66.71 0.938
100.01 1.988
100.01 1.965
100.01 1.986
100.01 0.628
100.01 0.118
100.01 0.118
100.01 0.124
100.01 0.144
100.01 0.199
100.01 0.992
100.01 0.669
100.01 0.172
88.91 0.253
100.01 0.669
88.91 0.182
66.71 0.810
88.91 0.268
100.01 0.922
100.01 0.465
100.01 1.156
60.01 2.490
77.81 0.934
100.01 0.566
100.01 0.566
60.01 0.927
88.91 2.345
66.71 0.952
91.71 0.561
91.71 0.943
90.01 1.314
91.71 0.622
90.01 0.810
83.31 0.796
91.71 0.709
70.01 0.927
90.01 0.247
100.01 0.740
80.01 0.494
91.71 0.493
60.01 1.758
80.01 0.912
60.01 1.101
100.01 1.171
90.01 0.660
55.61 1.001
100.01 0.347
100.01 0.347
100.01 0.761
100.01 0.605
100.01 0.605
100.01 0.906
100.01 0.850
90.01 0.283
90.01 0.283
90.01 0.568
100.01 0.707
100.01 0.368
77.81 0.874
60.01 1.089
50.01 0.771
70.01 0.815
66.71 1.282
100.01 0.750
100.01 0.976
100.01 0.976
100.01 0.750
60.01 1.113
100.01 1.039
100.01 1.039
100.01 0.235
100.01 0.235
90.01 0.821
100.01 0.805
80.01 1.192
70.01 0.421
70.01 0.749
90.01 0.885
80.01 0.463
80.01 0.508
80.01 1.900
80.01 0.942
100.01 0.684
88.91 0.796
70.01 0.612
100.01 0.312
60.01 2.642
100.01 1.398
80.01 1.072
80.01 1.045
70.01 1.800
88.91 0.728
100.01 1.138
100.01 1.138
100.01 0.429
100.01 0.761
100.01 0.429
100.01 0.677
100.01 0.750
90.01 0.836
100.01 0.130
100.01 0.130
70.01 0.845
88.91 0.796
70.01 1.269
100.01 1.469
100.01 0.780
91.71 0.660
77.81 0.758
100.01 0.808
90.01 1.055
90.01 1.576
100.01 0.176
100.01 0.176
70.01 3.494
60.01 2.295
70.01 2.018
100.01 1.293
100.01 0.952
100.01 1.884
100.01 1.293
100.01 1.237
70.01 1.728
90.01 0.671
100.01 1.884
70.01 1.634
70.01 0.460
91.71 0.493
44.41 2.351
100.01 0.809
100.01 0.809
90.01 1.543
88.91 0.641
66.71 0.706
100.01 0.531
100.01 0.531
66.71 2.291
80.01 1.282
70.01 0.849
80.01 1.058
80.01 0.942
100.01 0.628
100.01 0.727
66.71 0.879
60.01 0.740
90.01 0.726
80.01 0.646
88.91 1.012
100.01 0.638
60.01 0.800
90.01 1.048
88.91 1.012
70.01 1.111
100.01 0.353
100.01 0.676
100.01 0.731
100.01 0.670
100.01 0.424
100.01 0.860
100.01 0.893
60.01 0.853
55.61 2.896
90.01 1.040
100.01 0.750
80.01 1.900
100.01 1.213
100.01 1.213
100.01 0.133
100.01 0.133
100.01 1.367
100.01 1.207
70.01 1.468
66.71 2.491
70.01 0.987
100.01 1.184
100.01 0.859
100.01 1.130
91.71 0.709
70.01 0.872
90.01 0.371
90.01 0.247
80.01 1.050
100.01 0.557
60.01 0.824
100.01 0.323
60.01 0.887
50.01 1.429
60.01 1.200
77.81 1.453
90.01 0.898
50.01 1.163
100.01 0.962
100.01 1.059
100.01 1.381
60.01 1.339
100.01 1.174
77.81 0.856
100.01 0.368
100.01 0.808
100.01 0.312
55.61 2.452
80.01 0.915
100.01 1.239
77.81 1.453
100.01 0.882
90.01 0.880
80.01 0.813
80.01 0.208
100.01 1.162
90.01 0.635
50.01 1.297
77.81 1.262
100.01 0.759
77.81 0.505
100.01 0.335
100.01 1.214
100.01 0.787
100.01 0.238
70.01 0.677
80.01 0.848
88.91 0.533
100.01 1.059
100.01 0.684
100.01 0.490
100.01 0.687
100.01 0.710
70.01 0.783
88.91 1.628
100.01 1.174
80.01 0.463
70.01 0.979
77.81 0.750
80.01 1.455
100.01 0.805
100.01 0.666
80.01 0.941
100.01 0.323
80.01 1.415
70.01 1.767
70.01 1.767
80.01 0.797
60.01 0.986
60.01 0.906
40.01 0.854
41.71 1.421
91.71 0.939
91.71 1.203
91.71 1.008
66.71 1.086
90.01 1.655
70.01 1.054
50.01 2.373
90.01 0.726
60.01 1.028
80.01 1.307
100.01 0.464
100.01 0.464
100.01 0.588
100.01 0.588
58.31 1.035
83.31 1.191
70.01 0.507
