100.01 0.962
100.01 0.962
100.01 0.610
100.01 0.610
100.01 1.050
100.01 1.050
100.01 1.458
100.01 1.001
100.01 1.748
100.01 1.074
100.01 1.054
100.01 0.573
100.01 1.093
92.91 1.197
100.01 1.173
90.91 1.447
90.01 1.418
90.91 1.248
100.01 1.173
100.01 1.495
68.81 1.359
30.81 3.953
72.71 1.337
100.01 0.741
100.01 0.741
100.01 1.170
63.61 0.924
81.81 2.038
100.01 0.741
72.71 1.587
81.81 0.666
90.91 1.257
81.81 0.823
81.81 1.135
100.01 0.340
100.01 0.340
90.91 1.039
100.01 1.245
100.01 0.953
100.01 0.953
100.01 0.941
100.01 1.408
100.01 0.924
75.01 1.192
73.31 1.605
82.41 1.183
100.01 0.667
90.91 1.420
90.91 1.420
100.01 0.760
100.01 0.760
100.01 1.515
100.01 1.515
100.01 1.114
100.01 1.114
72.71 1.576
90.91 0.973
100.01 1.199
100.01 1.199
100.01 1.207
100.01 0.909
90.91 0.892
90.91 1.018
100.01 0.661
100.01 0.661
81.81 1.091
100.01 0.965
81.81 1.036
81.81 0.661
100.01 0.662
100.01 0.662
100.01 0.787
81.81 1.120
81.81 2.038
63.61 3.293
100.01 0.921
100.01 0.921
40.01 3.424
81.81 1.594
90.91 1.257
100.01 0.981
100.01 0.981
100.01 1.082
100.01 1.020
100.01 1.084
100.01 1.336
100.01 1.336
100.01 1.263
100.01 1.274
100.01 1.057
81.81 0.919
81.81 1.794
81.81 1.237
93.81 1.175
100.01 0.667
90.01 1.342
100.01 0.965
72.71 1.242
100.01 1.052
100.01 1.052
90.91 1.131
90.91 1.131
72.71 0.500
90.91 1.225
100.01 0.879
90.91 0.946
100.01 1.329
90.91 1.081
100.01 1.038
100.01 1.038
100.01 1.313
100.01 1.352
100.01 1.266
100.01 1.550
90.91 0.806
90.91 1.191
90.91 0.716
68.81 0.911
100.01 0.580
75.01 1.112
90.91 0.945
91.71 0.868
100.01 0.580
100.01 0.762
100.01 0.762
66.71 1.478
80.01 1.361
93.31 1.491
80.01 1.215
63.61 1.277
100.01 0.978
86.71 1.730
66.71 1.866
81.81 0.853
100.01 0.829
100.01 0.865
100.01 0.747
100.01 0.864
100.01 0.845
100.01 0.836
100.01 0.889
100.01 1.684
100.01 1.415
66.71 2.078
100.01 0.689
100.01 1.673
100.01 1.654
100.01 0.766
100.01 0.516
100.01 0.516
100.01 0.613
100.01 0.717
100.01 0.686
100.01 0.712
100.01 1.140
100.01 0.452
100.01 0.571
100.01 0.456
100.01 1.012
100.01 0.959
100.01 0.709
100.01 0.688
100.01 0.698
100.01 1.530
100.01 0.654
80.01 1.829
100.01 1.004
100.01 1.004
100.01 0.978
66.71 2.078
66.71 2.250
94.11 1.375
100.01 1.447
100.01 1.447
88.21 1.332
88.21 1.332
100.01 1.043
100.01 1.043
93.81 1.149
93.81 1.560
93.81 1.520
100.01 1.005
87.51 0.848
81.81 0.902
81.81 0.661
100.01 1.186
100.01 1.186
90.91 0.962
93.31 1.506
100.01 1.503
100.01 1.503
100.01 0.467
100.01 0.467
90.91 1.143
100.01 0.941
100.01 1.121
100.01 1.121
93.81 0.468
82.41 1.371
100.01 1.315
81.81 1.124
88.21 1.905
90.91 0.995
81.81 1.392
88.21 1.418
100.01 1.090
100.01 1.090
82.41 1.246
94.11 0.979
88.21 1.205
100.01 0.494
100.01 0.494
100.01 0.819
100.01 1.727
83.31 2.194
93.81 0.994
100.01 1.897
94.11 1.523
86.71 0.973
90.91 0.974
63.61 1.217
86.71 1.535
87.51 1.076
87.51 0.846
93.81 2.156
87.51 1.371
93.81 0.780
81.21 0.571
100.01 0.924
100.01 0.878
100.01 0.887
100.01 0.843
100.01 1.162
100.01 0.868
100.01 1.011
100.01 1.011
100.01 1.302
100.01 1.302
93.81 1.089
87.51 0.720
81.21 0.923
100.01 1.408
93.81 2.043
81.81 1.532
93.81 0.802
93.81 1.182
100.01 0.739
93.81 1.159
100.01 0.336
100.01 0.336
93.81 1.185
100.01 1.663
81.21 1.267
100.01 1.663
100.01 0.967
100.01 0.906
100.01 0.946
100.01 1.003
100.01 1.041
100.01 0.959
93.81 1.125
93.81 1.192
87.51 1.979
87.51 0.859
100.01 1.061
100.01 0.939
100.01 0.636
100.01 0.636
100.01 0.739
100.01 1.142
81.81 1.297
90.91 0.629
90.91 1.233
90.01 1.021
100.01 0.925
100.01 0.724
100.01 0.724
83.31 2.182
100.01 1.314
100.01 1.314
100.01 1.534
100.01 1.534
83.31 2.182
100.01 1.897
66.71 0.644
100.01 1.005
100.01 1.436
81.81 0.928
100.01 1.159
100.01 0.753
100.01 0.580
100.01 0.995
100.01 0.861
100.01 0.741
100.01 1.503
45.51 0.904
83.31 1.881
90.91 1.257
90.91 1.046
100.01 1.011
100.01 1.011
100.01 0.411
100.01 0.411
100.01 1.246
100.01 1.035
90.91 0.995
90.01 1.021
81.81 1.155
100.01 0.819
93.81 1.182
100.01 0.965
100.01 1.161
93.81 1.027
100.01 0.391
100.01 0.391
91.71 2.983
91.71 2.983
42.91 1.856
90.91 1.248
90.91 0.864
83.31 1.902
92.91 0.965
72.71 0.949
83.31 1.557
100.01 1.170
90.01 0.653
90.91 1.486
90.91 0.877
81.81 1.344
100.01 0.535
66.71 1.478
100.01 1.280
100.01 0.858
76.91 0.560
50.01 1.656
84.61 0.727
84.61 0.727
100.01 0.944
100.01 0.944
100.01 1.369
100.01 1.090
100.01 0.794
100.01 1.125
100.01 1.277
100.01 1.172
100.01 1.174
100.01 1.049
100.01 0.573
92.91 0.965
80.01 0.852
90.01 0.653
66.71 0.878
100.01 1.245
100.01 1.002
90.01 0.900
90.01 0.774
90.01 1.418
91.71 0.868
100.01 0.570
100.01 0.504
100.01 0.504
90.01 1.311
100.01 0.831
91.71 0.264
100.01 0.927
100.01 0.927
100.01 1.002
100.01 1.002
84.61 0.668
80.01 1.180
69.21 1.310
69.21 0.718
84.61 0.668
100.01 1.352
100.01 1.352
100.01 1.009
100.01 1.131
100.01 1.238
90.01 1.167
100.01 0.993
90.91 0.757
100.01 0.999
100.01 0.588
100.01 0.588
100.01 1.049
100.01 1.049
45.51 0.904
90.91 1.713
100.01 0.993
