100.01 0.699
100.01 0.699
100.01 0.474
100.01 0.853
100.01 0.853
100.01 0.717
100.01 0.717
100.01 0.852
100.01 0.863
85.71 0.999
100.01 0.634
100.01 0.816
100.01 0.971
100.01 0.709
100.01 0.965
100.01 0.895
100.01 1.396
100.01 1.116
100.01 0.561
100.01 0.930
71.41 1.489
71.41 1.172
100.01 1.396
100.01 1.186
71.41 1.075
100.01 0.524
100.01 0.524
100.01 0.752
57.11 0.967
100.01 0.699
100.01 1.742
100.01 3.624
85.71 1.150
85.71 0.432
85.71 1.150
100.01 1.794
85.71 1.339
100.01 1.794
71.41 1.407
100.01 0.465
100.01 0.465
100.01 0.625
100.01 0.660
100.01 1.024
100.01 1.024
100.01 0.489
100.01 1.021
100.01 0.961
85.71 0.889
85.71 0.294
85.71 0.692
100.01 1.116
100.01 0.866
100.01 0.280
85.71 0.956
85.71 0.956
100.01 1.026
100.01 3.678
100.01 3.678
100.01 1.659
100.01 1.659
100.01 1.383
100.01 1.383
57.11 1.161
100.01 0.762
100.01 1.086
100.01 1.086
100.01 0.787
100.01 1.757
100.01 1.742
100.01 1.034
71.41 0.828
100.01 0.824
100.01 0.824
71.41 0.560
100.01 1.101
100.01 1.748
100.01 1.344
100.01 1.633
100.01 1.629
100.01 2.146
85.71 0.818
100.01 1.757
100.01 0.699
100.01 0.868
85.71 0.432
100.01 0.581
71.41 0.751
100.01 0.866
85.71 0.870
100.01 0.868
100.01 0.466
100.01 0.466
100.01 0.742
100.01 0.742
100.01 0.883
100.01 0.948
100.01 0.912
100.01 0.651
100.01 0.891
100.01 0.920
100.01 0.741
100.01 0.678
100.01 1.269
100.01 0.515
100.01 0.515
85.71 0.886
100.01 0.647
85.71 0.669
85.71 1.587
100.01 1.061
100.01 0.999
100.01 0.280
100.01 0.652
100.01 1.101
85.71 0.903
100.01 1.012
100.01 1.012
85.71 0.903
85.71 1.012
100.01 1.199
100.01 1.026
100.01 1.247
100.01 0.581
85.71 0.619
100.01 1.436
100.01 3.624
100.01 1.053
100.01 1.011
100.01 1.093
100.01 1.512
100.01 3.957
100.01 0.997
100.01 0.711
85.71 1.118
100.01 1.420
100.01 0.850
57.11 0.717
100.01 0.883
85.71 1.249
100.01 0.614
100.01 0.561
100.01 0.883
100.01 0.770
100.01 0.770
85.71 0.827
85.71 0.821
100.01 0.647
100.01 0.783
71.41 0.560
100.01 0.600
100.01 1.186
85.71 1.322
100.01 1.371
85.71 1.920
85.71 0.567
100.01 1.891
100.01 1.868
100.01 1.871
100.01 1.930
100.01 1.683
100.01 1.736
100.01 1.757
100.01 2.136
85.71 0.817
100.01 0.995
100.01 1.267
100.01 1.258
100.01 1.278
100.01 1.392
100.01 1.468
85.71 1.409
85.71 1.318
100.01 1.313
100.01 1.316
100.01 1.299
100.01 1.308
100.01 1.378
100.01 1.314
100.01 1.348
100.01 1.312
100.01 1.240
100.01 1.325
100.01 1.357
100.01 1.338
100.01 1.319
100.01 1.386
100.01 0.659
71.41 1.211
100.01 0.478
100.01 0.478
100.01 1.191
100.01 0.995
100.01 0.613
85.71 0.552
100.01 0.830
100.01 0.945
100.01 0.234
100.01 1.426
100.01 1.463
100.01 0.582
100.01 0.582
100.01 1.199
100.01 1.081
100.01 1.081
100.01 1.239
100.01 1.038
85.71 1.051
100.01 0.740
100.01 0.614
100.01 0.901
85.71 1.101
100.01 1.344
85.71 1.111
100.01 1.034
100.01 1.034
100.01 1.400
100.01 0.383
100.01 0.383
100.01 0.761
100.01 0.489
100.01 1.247
85.71 0.931
100.01 1.352
100.01 1.171
100.01 0.568
85.71 1.430
100.01 0.490
100.01 0.827
71.41 0.747
85.71 0.778
100.01 0.410
100.01 0.857
100.01 0.738
100.01 0.670
100.01 0.817
100.01 1.013
100.01 0.919
100.01 0.621
100.01 0.621
100.01 0.740
100.01 1.305
100.01 0.800
100.01 1.027
71.41 1.201
100.01 0.655
100.01 0.783
85.71 1.277
85.71 0.425
100.01 0.600
85.71 1.117
85.71 0.852
100.01 0.887
100.01 1.012
71.41 1.118
100.01 0.732
100.01 0.781
100.01 0.853
100.01 0.919
100.01 0.951
100.01 0.827
100.01 0.957
100.01 0.988
100.01 0.793
100.01 0.946
100.01 0.871
100.01 1.131
100.01 0.905
100.01 0.945
85.71 0.970
85.71 0.852
100.01 1.117
100.01 0.853
100.01 0.791
100.01 1.098
100.01 0.737
85.71 0.920
85.71 0.763
100.01 0.208
100.01 0.208
100.01 1.679
100.01 1.052
100.01 0.594
100.01 1.034
100.01 0.914
100.01 1.017
100.01 0.934
100.01 0.613
100.01 0.891
100.01 0.898
100.01 1.123
100.01 1.620
100.01 1.168
100.01 0.741
100.01 0.964
100.01 0.848
85.71 1.050
100.01 0.868
100.01 0.868
100.01 1.111
100.01 0.930
100.01 1.171
57.11 0.855
100.01 0.799
100.01 0.671
71.41 1.283
100.01 0.928
100.01 0.659
100.01 0.322
100.01 0.322
85.71 0.817
100.01 1.298
100.01 1.298
100.01 0.954
100.01 0.954
85.71 0.669
71.41 0.858
100.01 0.631
85.71 0.827
100.01 0.772
100.01 0.874
85.71 1.334
100.01 1.302
100.01 1.310
100.01 1.288
100.01 1.041
100.01 1.162
100.01 0.762
100.01 0.557
71.41 1.352
100.01 0.914
85.71 1.339
100.01 1.106
100.01 1.620
100.01 1.668
100.01 0.713
100.01 0.746
100.01 0.935
100.01 1.034
85.71 0.725
85.71 1.227
85.71 0.405
100.01 0.917
100.01 0.633
100.01 0.965
100.01 0.747
100.01 0.722
100.01 0.994
100.01 0.973
100.01 0.302
100.01 0.302
100.01 1.225
100.01 0.655
100.01 0.852
85.71 0.710
100.01 0.930
85.71 0.831
85.71 0.773
100.01 1.147
85.71 0.591
100.01 0.620
100.01 0.752
100.01 0.964
100.01 0.861
85.71 0.373
100.01 0.686
71.41 0.717
100.01 0.632
100.01 1.073
100.01 1.194
85.71 0.664
57.11 1.230
100.01 0.652
100.01 0.801
71.41 1.352
71.41 0.610
85.71 1.471
100.01 1.266
100.01 0.951
100.01 1.064
85.71 0.835
71.41 1.043
100.01 0.741
100.01 0.971
71.41 1.724
57.11 0.762
100.01 0.641
100.01 0.767
100.01 0.939
100.01 1.107
100.01 1.037
100.01 0.969
71.41 0.684
100.01 0.811
85.71 3.293
85.71 2.974
100.01 0.660
100.01 0.414
85.71 1.083
85.71 0.674
100.01 0.922
100.01 0.502
100.01 0.999
100.01 0.918
100.01 0.959
100.01 0.843
100.01 0.603
100.01 0.762
90.91 0.775
100.01 0.762
71.41 1.076
71.41 1.076
71.41 0.885
100.01 0.642
42.91 1.288
85.71 0.591
100.01 0.414
100.01 0.752
100.01 1.186
100.01 1.271
100.01 0.471
100.01 0.750
100.01 0.460
85.71 0.815
85.71 1.027
100.01 1.147
100.01 0.498
100.01 0.498
100.01 0.671
100.01 0.671
71.41 0.885
100.01 1.034
85.71 0.815
