100.01 0.756
100.01 0.756
100.01 0.873
63.61 3.326
88.91 0.623
100.01 0.562
100.01 0.440
100.01 0.440
100.01 1.596
100.01 0.562
100.01 0.547
100.01 0.376
66.71 1.889
100.01 0.935
100.01 0.797
100.01 2.484
66.71 1.190
66.71 1.090
88.91 0.455
88.91 0.723
66.71 1.429
45.51 3.375
66.71 1.003
100.01 0.277
100.01 0.277
100.01 0.421
55.61 0.979
88.91 0.970
100.01 0.865
100.01 0.865
100.01 0.649
62.51 1.348
75.01 0.819
88.91 0.995
100.01 0.773
100.01 0.773
100.01 1.030
77.81 0.707
100.01 0.860
100.01 0.860
66.71 1.804
77.81 0.896
100.01 0.975
100.01 0.975
100.01 0.476
100.01 0.859
100.01 0.884
77.81 1.149
66.71 0.858
100.01 1.210
100.01 0.614
100.01 0.559
77.81 0.977
77.81 0.828
100.01 0.523
100.01 0.523
100.01 0.965
100.01 0.965
100.01 1.830
100.01 1.830
66.71 2.304
50.01 1.388
88.91 0.671
100.01 0.410
100.01 0.410
100.01 1.334
100.01 1.334
88.91 1.201
88.91 1.699
75.01 0.740
100.01 0.211
100.01 0.211
100.01 0.987
87.51 0.860
100.01 1.030
77.81 1.946
100.01 0.433
100.01 0.433
100.01 0.151
77.81 1.363
100.01 0.972
88.91 0.970
75.01 1.593
100.01 0.804
100.01 0.804
100.01 0.957
50.01 1.136
66.71 0.857
75.01 1.593
100.01 0.957
100.01 0.916
100.01 0.923
100.01 0.991
66.71 1.001
66.71 0.727
77.81 1.303
100.01 0.475
100.01 0.475
100.01 0.842
100.01 0.703
66.71 0.962
100.01 0.708
77.81 0.676
63.61 3.277
77.81 0.785
66.71 0.739
88.91 0.767
100.01 0.884
77.81 1.041
100.01 0.559
100.01 1.119
66.71 1.514
88.91 1.378
100.01 1.135
100.01 1.135
77.81 0.896
42.91 1.188
100.01 1.100
66.71 1.189
77.81 0.642
66.71 0.625
55.61 1.148
100.01 0.928
100.01 0.614
88.91 1.251
88.91 0.780
88.91 1.045
100.01 0.928
100.01 0.649
100.01 0.353
77.81 0.670
88.91 0.854
77.81 1.573
88.91 0.875
66.71 2.135
77.81 2.676
88.91 0.671
100.01 0.944
77.81 0.985
66.71 0.876
100.01 0.765
100.01 0.765
55.61 1.620
88.91 0.845
100.01 0.910
100.01 0.591
100.01 0.827
88.91 0.778
100.01 0.827
100.01 1.013
66.71 1.369
66.71 0.996
88.91 0.920
88.91 0.801
100.01 0.697
100.01 0.814
100.01 0.797
62.51 1.535
88.91 1.370
100.01 0.692
100.01 0.707
100.01 0.707
100.01 0.759
55.61 1.363
88.91 0.989
100.01 0.175
100.01 0.175
100.01 0.113
100.01 0.523
100.01 2.484
100.01 0.664
100.01 0.663
88.91 0.672
88.91 0.662
100.01 0.750
100.01 0.705
100.01 0.688
100.01 0.662
100.01 0.719
100.01 0.748
100.01 0.677
100.01 0.753
100.01 0.739
100.01 0.762
100.01 0.666
100.01 0.829
62.51 1.562
100.01 1.013
100.01 0.237
100.01 0.237
100.01 0.910
88.91 0.989
66.71 0.998
100.01 0.503
100.01 1.210
100.01 0.770
55.61 1.802
100.01 0.606
62.51 1.030
88.91 0.860
100.01 0.669
100.01 0.669
55.61 0.768
77.81 0.891
88.91 0.671
100.01 1.100
100.01 0.227
100.01 1.203
100.01 0.227
88.91 0.619
66.71 1.040
88.91 0.567
77.81 1.384
66.71 1.193
77.81 0.899
100.01 0.686
100.01 0.686
66.71 0.965
100.01 0.432
100.01 0.432
77.81 0.482
100.01 0.476
100.01 0.717
100.01 0.717
77.81 1.103
100.01 0.268
66.71 1.703
87.51 1.031
88.91 0.860
66.71 0.797
88.91 1.072
88.91 0.477
100.01 0.661
100.01 0.661
88.91 0.380
100.01 1.108
100.01 1.108
100.01 1.092
100.01 0.446
100.01 0.446
100.01 0.944
50.01 0.718
77.81 0.985
100.01 0.838
88.91 1.075
100.01 1.056
87.51 0.959
100.01 1.056
77.81 1.946
66.71 0.600
88.91 1.091
88.91 0.331
88.91 0.490
100.01 0.781
88.91 0.599
77.81 0.464
88.91 0.795
100.01 0.787
100.01 0.481
100.01 0.199
100.01 0.199
100.01 0.245
100.01 0.158
100.01 0.505
100.01 0.192
100.01 0.223
100.01 0.201
50.01 1.144
100.01 0.787
100.01 0.448
100.01 0.727
88.91 0.490
77.81 1.234
100.01 0.481
100.01 0.859
77.81 1.251
88.91 0.705
88.91 0.693
75.01 0.772
77.81 0.959
88.91 0.725
100.01 0.557
100.01 0.557
100.01 0.833
100.01 0.716
100.01 0.833
100.01 1.101
100.01 0.838
100.01 0.972
100.01 0.736
100.01 0.716
100.01 0.361
100.01 0.361
88.91 0.999
88.91 0.769
100.01 0.915
88.91 0.660
88.91 1.029
100.01 0.662
100.01 0.511
100.01 0.575
100.01 0.575
88.91 1.256
88.91 1.877
66.71 0.690
55.61 1.183
77.81 0.580
88.91 1.208
55.61 2.614
77.81 0.762
88.91 1.113
77.81 0.721
80.01 0.689
77.81 1.636
80.01 0.689
55.61 2.896
66.71 1.923
100.01 0.591
66.71 1.268
100.01 0.562
100.01 0.866
77.81 0.836
70.01 1.948
100.01 0.760
100.01 0.824
100.01 0.812
100.01 1.257
100.01 0.957
100.01 1.276
100.01 1.276
44.41 1.833
44.41 3.473
77.81 0.871
100.01 0.296
77.81 0.704
100.01 0.804
100.01 0.804
100.01 0.367
88.91 0.901
100.01 0.282
100.01 0.282
88.91 0.711
100.01 1.368
66.71 0.797
100.01 1.200
88.91 0.999
100.01 1.393
100.01 1.393
100.01 0.950
88.91 0.662
100.01 0.479
100.01 0.479
88.91 2.711
88.91 1.839
63.61 3.326
77.81 0.512
77.81 0.512
66.71 0.713
100.01 0.586
77.81 1.187
66.71 2.369
100.01 0.421
100.01 0.234
66.71 1.082
100.01 0.708
62.51 1.562
100.01 0.898
66.71 0.978
87.51 0.497
100.01 0.638
100.01 0.709
55.61 0.955
36.41 3.075
100.01 1.119
77.81 0.785
55.61 0.607
55.61 0.607
88.91 0.804
88.91 0.684
88.91 0.804
100.01 0.875
75.01 0.772
100.01 0.391
55.61 0.922
100.01 0.627
100.01 0.655
100.01 0.295
100.01 0.825
100.01 0.646
100.01 1.646
100.01 0.773
100.01 0.376
88.91 0.990
100.01 0.234
88.91 0.566
100.01 0.987
88.91 0.812
88.91 0.706
77.81 1.628
37.51 1.802
100.01 0.898
88.91 1.514
100.01 1.368
70.01 2.401
42.91 1.188
88.91 0.909
15.41 2.201
100.01 0.543
100.01 0.543
54.51 3.281
88.91 2.538
15.41 2.201
54.51 0.687
50.01 2.151
100.01 0.689
100.01 0.689
100.01 0.625
100.01 0.905
77.81 1.385
62.51 1.535
88.91 1.429
30.01 1.940
72.71 1.127
63.61 3.277
100.01 2.031
50.01 2.151
30.01 2.172
100.01 2.157
100.01 2.157
18.21 2.236
88.91 1.699
72.71 1.127
