1JHL   -0.71 -0.70  0.10 -1.00  0.99 -0.16 -0.10  0.99 -0.69  0.72  0.70  0.71 -0.76 -0.65 -0.25 -0.97 -0.42 -0.91  

1MFA   -0.39 -0.92 -0.78 -0.62  0.31 -0.95 -0.22  0.98 -0.81  0.58  0.97 -0.23 -0.76 -0.65 -0.24 -0.97 -0.62 -0.78 
1VFA   -0.61 -0.79 -0.25 -0.97  0.72 -0.69 -0.84  0.54 -0.33  0.94  0.73  0.68 -0.43 -0.90 -0.17 -0.98 -0.72 -0.70 
2FBJ   -0.41 -0.91 -0.42 -0.91  0.39 -0.92 -0.97  0.25  0.22  0.97  0.94  0.34 -0.17 -0.99 -0.02 -1.00 -0.48 -0.88 


1JHL    0.75 -0.67  0.89 -0.45  0.98 -0.19  0.99 -0.10  0.58 -0.82  0.71 -0.70  0.99 -0.13  0.97 -0.26  0.71 -0.70  

1MFA    0.79 -0.62  0.77 -0.64  0.97 -0.24  0.79 -0.61  1.00  0.01  1.00 -0.09  0.76 -0.65  0.97 -0.24  0.87 -0.49
1VFA    0.76 -0.65  0.78 -0.63  0.99 -0.17  0.96 -0.27  0.92 -0.40  0.56 -0.83  0.99 -0.11  0.90 -0.43  0.68 -0.74
2FBJ    0.75 -0.66  0.76 -0.64  0.86 -0.51  0.94 -0.34  0.86 -0.51  1.00 -0.09  0.64 -0.76  0.88 -0.48  0.79 -0.61



