96.7 0.759
100.0 0.707
100.0 0.707
70.0 0.965
66.7 0.773
100.0 0.452
100.0 0.452
76.7 1.007
100.0 0.369
100.0 0.369
100.0 0.448
83.3 0.807
80.0 0.990
83.3 0.652
83.3 0.652
76.7 1.186
66.7 1.775
86.7 0.771
86.7 0.771
93.3 0.912
66.7 4.230
63.3 0.751
100.0 0.797
100.0 0.797
76.7 0.968
86.7 0.917
76.7 0.679
76.7 0.432
66.7 1.084
70.0 0.966
86.7 0.942
93.3 0.704
83.3 0.683
66.7 0.915
100.0 0.289
100.0 0.289
80.0 0.836
73.3 0.747
100.0 2.022
100.0 2.022
96.7 1.057
76.7 4.514
66.7 4.428
80.0 0.899
70.0 1.946
76.7 0.975
66.7 1.547
90.0 0.576
66.7 1.308
73.3 3.227
73.3 0.618
96.7 0.475
96.7 0.475
100.0 1.745
100.0 1.745
96.7 1.188
96.7 1.188
63.3 0.617
80.0 1.765
83.3 1.093
100.0 0.320
100.0 0.320
76.7 0.808
80.0 0.943
60.0 0.891
66.7 0.896
73.3 0.468
66.7 1.024
80.0 1.001
73.3 0.749
60.0 0.906
100.0 0.387
100.0 0.387
100.0 0.635
66.7 1.018
90.0 1.233
63.3 1.055
80.0 0.990
90.0 1.092
90.0 1.092
100.0 1.090
73.3 0.865
40.0 4.342
73.3 0.932
100.0 1.090
96.7 1.098
100.0 1.417
100.0 0.713
70.0 1.134
66.7 0.857
66.7 1.007
65.6 2.844
66.7 0.902
70.0 1.134
80.0 0.772
100.0 0.646
66.7 1.462
80.0 0.990
66.7 1.217
86.7 0.942
86.7 0.522
73.3 0.665
90.0 0.576
66.7 0.826
80.0 1.111
68.8 2.727
96.7 2.540
93.8 3.118
66.7 3.019
76.7 0.774
66.7 0.645
86.7 1.299
76.7 0.883
73.3 3.965
76.7 0.883
73.3 0.459
70.0 0.996
76.7 0.808
80.0 0.981
86.7 0.917
80.0 0.913
93.3 0.666
100.0 0.709
100.0 0.709
76.7 0.654
83.3 0.978
73.3 1.059
80.0 0.635
73.3 1.532
73.3 0.618
76.7 0.731
76.7 0.679
76.7 0.975
73.3 0.749
100.0 0.791
100.0 0.791
80.0 1.417
76.7 2.317
63.3 1.058
100.0 0.288
86.7 0.727
80.0 0.692
86.7 0.727
70.0 0.724
86.7 1.299
86.7 1.039
76.7 0.585
100.0 0.352
100.0 0.324
100.0 0.401
100.0 0.345
100.0 0.355
100.0 0.372
96.7 0.294
96.7 0.278
100.0 0.309
100.0 0.336
66.7 0.282
76.7 0.867
90.0 0.669
93.3 0.884
100.0 0.904
100.0 0.904
100.0 0.268
100.0 0.268
100.0 0.249
100.0 0.394
96.7 1.579
96.7 1.398
100.0 0.874
100.0 0.145
96.7 0.276
100.0 0.874
96.7 0.712
96.7 0.259
100.0 0.449
96.7 0.308
100.0 0.242
100.0 1.630
70.0 0.491
100.0 0.958
100.0 0.958
100.0 0.557
100.0 0.557
76.7 0.893
93.5 3.406
86.7 2.876
86.7 0.169
83.3 0.978
73.3 1.024
76.7 0.792
70.0 1.391
73.3 0.773
73.3 0.824
70.0 0.672
73.3 0.758
96.7 0.759
76.7 0.929
70.0 0.868
93.3 3.059
63.3 1.164
80.0 0.720
76.7 0.738
83.3 0.594
80.0 1.248
63.3 1.302
100.0 0.583
100.0 0.583
83.3 0.765
100.0 0.668
100.0 0.668
90.0 3.234
80.0 0.720
96.7 0.590
96.7 0.590
76.7 0.764
96.7 0.586
70.0 0.966
70.0 0.965
66.7 0.867
63.3 0.570
66.7 1.267
90.0 0.324
100.0 0.853
100.0 0.853
90.0 0.324
66.7 1.830
100.0 1.402
100.0 1.402
100.0 0.380
100.0 0.380
80.0 1.417
83.3 1.136
73.3 0.819
76.7 1.099
73.3 0.871
80.0 1.062
63.3 0.702
93.3 0.810
66.7 0.412
80.0 1.801
76.7 0.943
66.7 0.840
100.0 0.436
76.7 0.375
76.7 2.226
80.0 0.665
80.0 0.635
100.0 0.513
100.0 0.911
100.0 0.911
100.0 0.513
83.3 0.765
100.0 0.507
96.7 0.439
100.0 0.915
73.3 0.623
93.3 0.361
100.0 0.621
100.0 0.621
70.0 1.038
76.7 0.943
66.7 0.645
96.7 1.057
80.0 0.692
83.3 0.728
90.0 0.908
73.3 0.773
80.0 1.111
73.3 1.047
100.0 0.180
100.0 0.180
63.3 0.950
66.7 0.841
73.3 0.839
72.7 1.946
80.0 0.632
83.3 1.501
100.0 1.806
100.0 1.806
62.5 4.185
76.7 0.698
83.3 1.501
66.7 1.296
60.0 1.000
70.0 1.000
70.0 0.404
76.7 1.843
70.0 0.905
80.0 0.990
60.0 0.641
93.3 0.352
93.3 0.352
86.7 1.263
80.0 4.512
70.0 0.870
76.7 0.890
80.0 0.982
90.0 0.768
90.0 0.768
63.3 1.185
100.0 1.350
100.0 1.350
73.3 1.234
73.3 0.665
66.7 1.547
66.7 1.553
100.0 0.288
63.3 2.026
93.8 3.059
83.3 1.263
66.7 0.850
96.7 0.355
96.7 0.355
100.0 0.714
100.0 0.547
100.0 0.852
100.0 0.852
66.7 0.536
67.7 2.727
93.3 0.704
93.3 0.810
96.7 0.998
96.7 0.998
96.7 0.129
96.7 0.129
100.0 0.524
100.0 0.524
60.0 1.030
76.7 2.705
56.7 2.983
93.3 4.423
90.0 0.706
90.0 0.706
73.3 0.824
76.7 0.621
96.7 0.379
96.7 0.379
69.7 2.224
83.3 0.594
90.0 0.693
73.3 0.687
80.0 0.332
63.3 0.723
60.0 0.944
62.5 5.433
86.7 1.136
80.0 0.719
56.7 0.892
80.0 0.943
100.0 0.666
100.0 0.646
56.7 1.079
100.0 1.514
76.7 1.037
86.7 0.169
76.7 0.674
100.0 0.436
53.3 1.400
66.7 0.511
86.7 1.053
50.0 1.561
80.0 0.772
76.7 0.813
83.3 0.907
73.3 0.588
96.7 2.540
76.7 0.693
66.7 0.460
63.3 0.939
80.0 0.963
70.0 0.604
100.0 0.480
86.7 0.799
100.0 0.640
100.0 0.448
66.7 0.810
73.3 0.992
96.7 0.611
100.0 0.666
100.0 0.635
100.0 0.635
83.3 1.136
63.3 0.835
90.0 0.693
100.0 1.514
80.0 1.062
76.7 0.819
90.0 3.192
96.7 0.707
73.3 0.708
76.7 0.399
76.7 0.901
86.7 0.556
86.7 0.556
56.2 4.088
76.7 4.273
60.0 0.723
66.7 0.860
60.0 0.869
100.0 0.379
100.0 0.379
83.3 0.962
83.3 0.962
76.7 0.674
90.0 0.794
80.0 0.819
76.7 0.774
63.3 1.134
80.0 0.665
100.0 0.232
100.0 0.232
100.0 0.897
100.0 0.897
60.0 1.004
70.0 1.002
76.7 0.903
