1.0 0.759
1.0 0.707
1.0 0.707
0.7 0.965
0.7 1.084
1.0 0.773
1.0 0.452
1.0 0.480
1.0 0.640
1.0 0.452
1.0 0.572
1.0 0.627
0.8 1.007
0.8 0.977
0.8 0.989
0.8 1.032
1.0 0.369
1.0 0.369
1.0 0.448
0.8 0.807
0.8 0.990
1.0 0.652
1.0 0.652
0.8 1.186
0.7 1.775
0.7 0.524
0.7 0.641
0.7 0.507
0.7 0.404
0.7 0.533
0.7 0.384
0.9 0.771
0.9 0.771
0.9 0.923
0.9 0.481
0.9 0.912
0.7 4.230
0.7 2.680
0.6 0.751
0.6 0.809
0.6 0.955
1.0 0.797
1.0 0.797
0.8 0.968
0.8 0.485
0.9 0.917
0.8 0.679
0.8 0.432
0.8 0.435
0.8 0.308
0.8 0.433
0.8 0.604
0.7 1.084
0.7 0.966
0.9 0.942
0.9 0.704
0.8 0.683
0.8 1.070
0.7 0.915
1.0 0.289
1.0 0.289
0.8 0.836
0.7 0.747
0.7 0.730
0.7 0.771
0.7 0.455
0.7 0.549
0.7 0.756
1.0 2.022
1.0 2.022
1.0 1.057
0.8 4.514
0.7 4.428
0.8 0.899
0.8 0.823
0.8 0.968
0.7 1.946
0.7 1.002
0.8 0.975
0.8 0.585
0.7 1.547
0.7 1.328
0.9 0.576
0.7 1.308
0.7 3.227
0.7 0.618
1.0 0.475
1.0 0.475
1.0 1.745
1.0 1.745
1.0 1.188
1.0 1.188
0.6 0.617
0.6 0.495
0.6 0.431
0.6 0.453
0.6 0.464
0.6 0.455
0.6 0.534
0.6 0.455
0.6 0.467
0.6 0.463
0.6 0.406
0.6 0.482
0.6 0.465
0.6 0.991
0.6 0.731
0.8 1.765
0.8 1.093
0.8 1.275
1.0 0.320
1.0 0.352
1.0 0.324
1.0 0.401
1.0 0.345
1.0 0.355
1.0 0.372
1.0 0.309
1.0 0.336
1.0 0.320
1.0 0.236
1.0 0.251
1.0 0.320
1.0 0.213
1.0 0.249
1.0 0.257
1.0 0.208
1.0 0.219
0.8 0.808
0.8 0.943
0.6 0.891
0.6 0.807
0.6 0.771
0.7 0.896
0.8 0.468
0.8 0.460
0.8 0.465
0.8 0.455
0.8 0.512
0.8 0.454
0.8 0.455
0.8 0.486
0.8 0.439
0.8 0.460
0.8 0.462
0.7 1.024
0.7 0.645
0.7 0.660
0.8 1.001
0.8 0.749
0.8 1.255
0.6 0.906
0.6 0.991
0.6 0.643
0.6 0.594
0.6 0.924
1.0 0.387
1.0 0.635
1.0 0.387
1.0 0.445
1.0 0.635
1.0 0.445
0.7 1.018
0.9 1.233
0.9 1.199
0.9 1.172
0.9 1.154
0.9 1.155
0.9 1.166
0.9 1.148
0.9 1.178
0.9 1.184
0.9 1.172
0.7 1.055
0.6 0.939
0.8 0.990
0.9 1.092
0.9 1.092
1.0 1.090
1.0 1.417
1.0 0.713
0.7 0.865
0.7 0.527
0.7 0.685
0.4 4.342
0.7 0.932
1.0 1.090
1.0 1.298
1.0 1.018
1.0 1.098
1.0 0.558
1.0 1.197
1.0 0.965
1.0 1.417
1.0 1.298
1.0 1.107
1.0 0.713
1.0 1.018
1.0 1.107
0.7 1.134
0.7 0.857
0.7 1.007
0.6 2.844
0.6 3.007
0.6 3.039
0.6 2.944
0.6 3.038
0.6 2.872
0.6 3.024
0.6 2.835
0.6 0.922
0.7 0.902
0.7 1.370
0.7 1.134
0.8 0.772
1.0 0.646
0.7 1.462
0.7 0.716
0.8 0.990
0.7 1.217
0.9 0.942
0.9 0.522
0.9 0.291
0.8 0.665
0.9 0.576
0.7 0.826
0.8 1.111
0.7 2.727
1.0 2.540
0.9 3.118
0.7 3.019
0.7 2.655
0.8 0.774
0.8 0.903
0.7 0.645
0.9 1.299
0.8 0.883
0.8 3.965
0.8 0.883
0.8 0.459
0.8 0.871
0.8 0.676
0.8 0.644
0.8 0.623
0.7 0.996
0.8 0.808
0.8 0.808
0.8 0.981
0.8 0.975
0.8 1.006
0.8 0.836
0.8 1.008
0.9 0.917
0.8 0.913
0.9 0.666
1.0 0.709
1.0 0.709
0.8 0.654
0.8 0.901
0.8 0.978
0.7 1.059
0.7 1.003
0.8 0.635
0.7 1.532
0.7 1.244
0.7 1.357
0.7 0.618
0.7 0.978
0.7 1.203
0.8 0.731
0.8 0.679
0.8 0.863
0.8 4.456
0.8 0.813
0.8 0.975
0.8 1.354
0.8 1.275
0.8 0.749
0.8 0.714
0.8 0.817
1.0 0.791
1.0 0.791
0.8 1.417
0.8 2.317
0.8 2.412
0.8 4.316
0.8 2.521
0.8 2.705
0.8 2.408
0.7 1.058
0.7 1.059
1.0 0.288
1.0 0.727
0.8 0.692
1.0 0.727
0.7 0.724
0.7 0.806
0.9 1.299
0.9 1.039
0.9 3.166
0.9 1.061
0.9 1.080
0.8 0.585
0.8 0.804
0.8 1.275
0.8 1.426
0.8 0.939
0.8 0.799
1.0 0.352
1.0 0.236
1.0 0.240
1.0 0.262
1.0 0.162
1.0 0.151
1.0 0.171
1.0 0.206
1.0 0.168
1.0 0.324
1.0 0.251
1.0 0.240
1.0 0.325
1.0 0.235
1.0 0.237
1.0 0.252
1.0 0.248
1.0 0.200
1.0 0.401
1.0 0.320
1.0 0.262
1.0 0.325
1.0 0.259
1.0 0.256
1.0 0.268
1.0 0.305
1.0 0.231
1.0 0.345
1.0 0.213
1.0 0.162
1.0 0.235
1.0 0.259
1.0 0.147
1.0 0.134
1.0 0.196
1.0 0.142
1.0 0.355
1.0 0.249
1.0 0.151
1.0 0.237
1.0 0.256
1.0 0.147
1.0 0.162
1.0 0.228
1.0 0.163
1.0 0.372
1.0 0.257
1.0 0.171
1.0 0.252
1.0 0.268
1.0 0.134
1.0 0.162
1.0 0.243
1.0 0.148
1.0 0.294
1.0 0.235
1.0 0.227
1.0 0.183
1.0 0.323
1.0 0.215
1.0 0.207
1.0 0.238
1.0 0.243
1.0 0.187
1.0 0.278
1.0 0.194
1.0 0.208
1.0 0.169
1.0 0.307
1.0 0.195
1.0 0.198
1.0 0.218
1.0 0.183
1.0 0.164
1.0 0.309
1.0 0.208
1.0 0.206
1.0 0.248
1.0 0.305
1.0 0.196
1.0 0.228
1.0 0.243
1.0 0.207
1.0 0.336
1.0 0.219
1.0 0.168
1.0 0.200
1.0 0.231
1.0 0.142
1.0 0.163
1.0 0.148
1.0 0.207
0.7 0.282
0.7 0.674
0.7 0.536
0.7 0.395
0.8 0.867
0.9 0.669
0.9 0.884
0.9 0.964
0.9 1.226
0.9 1.161
0.9 1.173
0.9 1.215
0.9 1.249
0.9 1.154
0.9 1.257
0.9 1.255
0.9 1.805
1.0 0.904
1.0 0.904
1.0 0.268
1.0 0.249
1.0 0.394
1.0 0.145
1.0 0.449
1.0 0.242
1.0 1.630
1.0 0.268
1.0 0.091
1.0 0.352
1.0 0.268
1.0 0.318
1.0 0.233
1.0 1.659
1.0 0.249
1.0 0.091
1.0 0.345
1.0 0.257
1.0 0.341
1.0 0.221
1.0 1.672
1.0 0.394
1.0 0.352
1.0 0.345
1.0 0.354
1.0 0.471
1.0 0.390
1.0 1.664
1.0 1.579
1.0 0.544
1.0 1.398
1.0 1.351
1.0 1.371
1.0 1.425
1.0 1.579
0.9 1.426
1.0 1.376
1.0 1.437
1.0 1.264
1.0 0.874
1.0 0.145
1.0 0.268
1.0 0.257
1.0 0.354
1.0 0.439
1.0 0.202
1.0 1.673
1.0 0.276
1.0 0.109
1.0 0.104
1.0 0.357
0.9 0.261
1.0 0.341
1.0 0.223
1.0 1.696
1.0 0.874
1.0 0.712
1.0 0.664
1.0 0.658
1.0 0.748
0.9 1.068
0.9 0.719
1.0 0.706
1.0 0.698
1.0 0.727
1.0 0.698
1.0 1.767
1.0 0.259
1.0 0.176
1.0 0.169
1.0 0.378
0.9 0.907
0.9 0.257
1.0 0.252
1.0 0.698
1.0 0.359
1.0 0.213
1.0 1.678
1.0 0.449
1.0 0.318
1.0 0.341
1.0 0.471
1.0 0.439
1.0 0.407
1.0 1.692
1.0 0.308
1.0 0.348
1.0 0.331
1.0 0.463
1.0 0.544
0.9 0.322
1.0 0.419
1.0 0.279
1.0 1.703
1.0 0.242
1.0 0.233
1.0 0.221
1.0 0.390
1.0 0.202
1.0 0.407
1.0 1.686
1.0 1.630
1.0 1.659
1.0 1.672
1.0 1.664
1.0 1.673
1.0 1.692
1.0 1.686
0.7 0.491
1.0 0.958
1.0 0.958
1.0 0.557
1.0 0.557
0.8 0.893
0.8 0.584
0.8 1.099
0.9 3.406
0.9 2.876
0.9 0.169
0.8 0.978
0.8 0.862
0.8 1.024
0.8 0.792
0.7 1.391
0.8 0.773
0.8 0.784
0.8 0.824
0.7 0.672
0.8 0.758
1.0 0.759
0.8 0.929
0.7 0.868
0.9 3.059
0.6 1.164
0.6 0.965
0.6 1.099
0.8 0.720
0.8 0.738
0.8 0.594
0.8 1.248
0.6 1.302
1.0 0.583
1.0 0.714
1.0 0.547
1.0 0.583
1.0 0.779
1.0 0.416
0.8 0.765
1.0 0.668
1.0 0.668
0.9 3.234
0.9 0.591
0.8 0.720
1.0 0.590
1.0 0.590
0.8 0.764
0.8 0.986
0.8 0.867
0.8 1.037
1.0 0.586
1.0 0.291
0.7 0.966
0.7 0.965
0.7 0.901
0.7 0.633
0.7 0.534
0.7 0.584
0.7 0.867
0.6 0.570
0.7 1.267
0.7 1.154
0.9 0.324
1.0 0.853
1.0 0.853
0.9 0.324
0.7 1.830
0.7 1.706
1.0 1.402
1.0 1.402
1.0 0.380
1.0 0.380
0.8 1.417
0.8 1.136
0.8 0.819
0.8 1.099
0.8 0.871
0.8 1.062
0.7 0.702
0.7 1.165
0.7 1.040
0.7 0.404
0.7 0.678
0.9 0.810
0.7 0.412
0.7 0.791
0.7 0.816
0.7 0.780
0.8 1.801
0.8 0.608
0.8 0.892
0.8 0.943
0.7 0.840
1.0 0.436
0.8 0.375
0.7 2.226
0.7 2.132
0.8 0.665
0.8 0.635
1.0 0.513
1.0 0.507
1.0 0.911
1.0 0.915
1.0 0.911
1.0 1.030
1.0 0.513
1.0 0.265
0.8 0.765
1.0 0.507
1.0 0.265
1.0 0.439
0.9 0.439
0.9 0.823
1.0 0.533
1.0 0.558
0.9 0.896
1.0 0.915
1.0 1.030
0.8 0.623
0.8 0.474
1.0 0.361
1.0 0.667
1.0 0.621
1.0 0.621
0.7 1.038
0.8 0.943
0.7 0.645
1.0 1.057
0.8 0.692
0.8 0.607
0.8 0.728
0.9 0.908
0.8 0.773
0.8 0.622
0.8 1.111
0.8 1.047
1.0 0.180
1.0 0.180
0.6 0.950
0.7 0.841
0.7 0.744
0.7 0.551
0.7 0.613
0.8 0.839
0.8 0.669
0.7 1.946
0.8 0.632
0.8 0.677
0.8 1.501
1.0 1.806
1.0 1.806
0.6 4.185
0.8 0.698
0.8 1.501
0.7 1.296
0.6 1.000
0.6 0.830
0.7 1.000
0.7 0.404
0.7 0.347
0.8 1.843
0.7 0.905
0.8 0.990
0.8 0.963
0.6 0.641
0.6 0.887
0.6 0.635
0.6 0.622
0.6 0.876
0.6 0.580
0.6 0.538
0.6 0.578
0.6 0.566
0.6 0.531
0.6 0.554
0.6 0.506
0.6 0.554
0.6 0.568
0.6 0.516
0.6 0.947
0.9 0.352
0.9 0.352
0.8 1.263
0.8 4.512
0.7 0.870
0.7 0.668
0.8 0.890
0.8 0.982
0.8 0.737
0.9 0.768
0.9 0.768
0.6 1.185
1.0 1.350
1.0 1.350
0.8 1.234
0.8 0.665
0.7 1.547
0.7 1.205
0.6 1.553
1.0 0.288
0.7 2.026
0.9 3.059
0.8 1.263
0.6 0.850
0.6 0.583
0.6 0.644
0.7 0.640
0.7 0.511
1.0 0.355
1.0 0.355
1.0 0.714
1.0 0.779
1.0 0.743
1.0 0.547
1.0 0.416
1.0 0.743
1.0 0.852
1.0 0.852
0.7 0.536
0.7 0.691
0.7 2.727
0.7 2.655
0.9 0.704
0.9 0.810
1.0 0.998
1.0 0.998
1.0 0.129
1.0 0.129
1.0 0.524
1.0 0.524
0.6 1.030
0.8 2.705
0.6 2.983
0.9 4.423
0.9 4.363
0.9 4.397
0.9 4.290
0.9 0.706
0.9 0.706
0.8 0.824
0.8 0.621
1.0 0.379
1.0 0.379
0.7 2.224
0.8 0.594
0.9 0.693
0.7 0.687
0.7 0.918
0.7 0.573
0.7 0.916
0.7 0.598
0.8 0.332
0.8 0.607
0.6 0.723
0.6 0.796
0.6 0.842
0.6 0.944
0.6 0.827
0.7 5.433
0.9 1.136
0.9 1.053
0.8 0.719
0.5 0.892
0.5 1.152
0.5 1.239
0.8 0.943
1.0 0.666
1.0 0.646
0.6 1.079
0.6 1.384
1.0 1.514
0.8 1.037
0.9 0.169
0.8 0.674
1.0 0.436
0.5 1.400
0.7 0.511
0.9 1.053
0.5 1.561
0.5 1.059
0.8 0.772
0.8 0.813
0.8 0.907
0.8 0.707
0.7 0.588
1.0 2.540
0.8 0.693
0.8 0.651
0.7 0.460
0.6 0.939
0.8 0.963
0.8 0.338
0.7 0.604
1.0 0.480
1.0 0.572
1.0 0.576
0.9 0.799
0.9 0.773
0.9 0.710
0.9 0.738
1.0 0.640
1.0 0.627
1.0 0.576
1.0 0.448
0.7 0.810
0.7 0.992
1.0 0.611
1.0 0.716
1.0 0.666
1.0 0.635
1.0 0.635
0.8 1.136
0.7 0.835
0.9 0.693
1.0 1.514
0.8 1.062
0.8 0.819
0.8 4.273
0.9 3.192
0.9 0.591
1.0 0.707
1.0 0.576
0.7 0.708
0.7 0.735
0.7 0.698
0.8 0.399
0.8 0.728
0.8 0.782
0.8 0.901
0.8 0.556
0.8 0.556
0.6 4.088
0.8 4.273
0.6 0.723
0.6 0.665
0.6 0.722
0.7 0.860
0.6 0.869
1.0 0.379
1.0 0.379
0.8 0.962
0.8 0.962
0.8 0.674
0.9 0.794
0.8 0.819
0.8 0.774
0.8 0.552
0.6 1.134
0.6 1.137
0.6 1.031
0.6 0.831
0.6 1.079
0.6 1.111
0.6 0.882
0.6 1.218
0.6 1.043
0.6 1.075
0.8 0.665
1.0 0.232
1.0 0.232
1.0 0.897
1.0 0.897
0.6 1.004
0.6 1.049
0.6 1.143
0.6 1.285
0.6 0.869
0.6 1.061
0.7 1.002
0.7 1.023
0.7 0.946
0.8 0.903
0.8 0.552
