1.0 0.740
1.0 0.777
1.0 0.895
1.0 0.777
1.0 0.801
1.0 0.895
1.0 0.801
0.7 1.344
0.7 1.501
0.8 0.805
0.6 1.989
0.6 0.688
0.6 0.977
0.8 0.399
0.9 0.870
0.9 1.938
0.9 0.708
0.7 0.481
0.8 1.013
0.8 1.086
0.8 1.025
0.7 1.243
0.7 1.287
0.7 1.033
0.6 3.187
0.6 2.241
0.9 0.886
0.9 0.906
0.7 0.341
0.7 0.403
0.7 0.833
0.7 0.674
0.6 1.054
0.6 1.104
0.8 0.680
0.9 0.641
0.9 0.335
0.9 0.320
0.9 0.870
1.0 2.091
0.8 0.762
0.9 1.938
1.0 2.091
0.8 3.051
0.9 0.849
0.9 0.739
0.8 1.156
0.8 1.157
0.8 1.219
0.8 1.102
1.0 3.057
1.0 1.066
1.0 1.066
1.0 1.202
1.0 1.202
0.6 1.372
0.9 1.398
1.0 0.597
1.0 0.666
1.0 0.674
1.0 0.651
1.0 1.125
1.0 0.670
1.0 0.593
1.0 0.652
1.0 0.600
1.0 0.659
1.0 0.597
1.0 0.335
1.0 0.319
1.0 0.281
1.0 1.060
1.0 0.298
1.0 0.382
1.0 0.338
1.0 0.411
1.0 0.349
0.7 0.798
0.7 0.574
0.8 0.399
0.8 0.976
0.8 0.951
1.0 0.179
1.0 0.179
1.0 1.633
0.6 0.800
0.9 0.635
0.9 0.430
0.9 0.496
0.9 0.496
0.9 0.471
0.9 1.128
0.9 0.487
0.9 0.411
0.9 0.517
0.9 0.403
0.9 0.503
0.6 0.980
0.6 0.740
0.6 0.982
0.6 1.075
0.6 0.646
0.5 2.487
0.5 1.243
0.5 1.056
0.5 1.158
0.5 1.108
0.7 2.753
0.7 2.747
0.7 2.783
0.7 2.797
0.7 2.718
0.7 2.012
0.8 0.882
1.0 1.381
0.7 3.268
0.6 1.293
0.6 1.061
0.6 1.927
0.6 1.838
0.7 0.599
0.7 0.475
0.8 0.547
0.8 1.210
0.8 0.661
0.8 1.210
0.7 1.415
0.9 0.994
0.9 0.909
0.9 0.874
0.9 0.943
0.9 1.033
0.9 0.841
0.9 0.880
0.6 1.736
0.6 1.278
0.6 1.429
0.6 1.527
0.6 1.137
0.6 0.958
0.6 0.967
0.6 1.105
0.6 1.395
0.6 2.151
0.9 1.988
0.9 1.965
0.9 1.986
0.8 0.429
0.7 1.216
0.9 0.780
0.6 1.989
0.7 1.966
0.8 0.407
0.8 0.755
0.8 0.367
0.9 0.796
0.9 0.573
0.9 0.313
0.9 0.187
0.9 0.196
0.9 0.177
0.9 1.037
0.9 0.250
0.9 0.439
0.9 0.219
0.9 0.445
0.9 0.243
1.0 0.666
1.0 0.335
1.0 0.193
1.0 0.181
1.0 1.043
1.0 0.235
1.0 0.404
1.0 0.154
1.0 0.430
1.0 0.200
1.0 0.674
1.0 0.319
1.0 0.193
1.0 0.120
1.0 1.031
1.0 0.146
1.0 0.421
1.0 0.197
1.0 0.436
1.0 0.166
1.0 0.651
1.0 0.281
1.0 0.181
1.0 0.120
1.0 1.025
1.0 0.122
1.0 0.407
1.0 0.178
1.0 0.422
1.0 0.183
1.0 1.125
1.0 1.060
1.0 1.043
1.0 1.031
1.0 1.025
1.0 1.023
1.0 1.096
1.0 1.033
1.0 1.105
1.0 1.029
1.0 0.670
1.0 0.298
1.0 0.235
1.0 0.146
1.0 0.122
1.0 1.023
1.0 0.431
1.0 0.229
1.0 0.453
1.0 0.203
1.0 0.593
1.0 0.382
1.0 0.404
1.0 0.421
1.0 0.407
1.0 1.096
1.0 0.431
1.0 0.401
1.0 0.191
1.0 0.408
1.0 0.652
1.0 0.338
1.0 0.154
1.0 0.197
1.0 0.178
1.0 1.033
1.0 0.229
1.0 0.401
1.0 0.402
1.0 0.172
1.0 0.600
1.0 0.411
1.0 0.430
1.0 0.436
1.0 0.422
1.0 1.105
1.0 0.453
1.0 0.191
1.0 0.402
1.0 0.417
1.0 0.659
1.0 0.349
1.0 0.200
1.0 0.166
1.0 0.183
1.0 1.029
1.0 0.203
1.0 0.408
1.0 0.172
1.0 0.417
0.8 0.754
0.8 0.682
0.8 1.030
0.8 1.123
1.0 0.274
1.0 1.152
1.0 0.274
1.0 1.019
1.0 1.152
1.0 1.019
0.9 0.727
1.0 0.118
1.0 0.124
1.0 0.144
1.0 0.199
1.0 0.992
1.0 0.922
1.0 0.465
1.0 1.156
1.0 0.118
1.0 0.066
1.0 0.067
1.0 0.137
1.0 0.987
1.0 0.919
1.0 0.445
1.0 1.158
1.0 0.124
1.0 0.066
1.0 0.064
1.0 0.134
1.0 0.988
1.0 0.921
1.0 0.446
1.0 1.157
1.0 0.144
1.0 0.067
1.0 0.064
1.0 0.124
1.0 0.990
1.0 0.923
1.0 0.448
1.0 1.158
1.0 0.199
1.0 0.137
1.0 0.134
1.0 0.124
1.0 1.000
1.0 0.927
1.0 0.450
1.0 1.155
1.0 0.992
1.0 0.987
1.0 0.988
1.0 0.990
1.0 1.000
1.0 0.406
1.0 0.896
1.0 0.684
0.9 0.669
0.9 0.172
0.9 0.114
0.9 0.076
0.9 0.115
0.9 0.152
0.9 0.992
0.9 0.925
0.9 0.449
0.9 1.163
0.9 0.253
0.9 0.206
0.9 0.232
0.9 0.203
0.9 0.251
0.9 1.007
0.9 0.948
0.9 0.494
0.9 1.163
0.9 0.166
0.9 0.096
0.9 0.089
0.9 0.079
0.9 0.120
0.9 0.970
0.9 0.669
0.9 0.154
0.9 0.972
0.9 0.469
0.9 1.174
0.9 0.182
0.9 0.153
0.9 0.148
0.9 0.163
0.9 0.200
0.9 1.008
0.9 0.154
0.9 0.934
0.9 0.461
0.9 1.190
0.8 0.810
0.8 0.773
0.8 0.784
0.8 0.777
0.8 0.789
0.8 0.949
0.8 0.772
0.8 0.757
0.8 0.536
0.8 0.916
0.8 0.894
0.8 1.128
0.9 0.268
0.9 0.288
0.9 0.292
0.9 0.298
0.9 0.359
0.9 0.870
0.9 0.804
0.9 0.542
0.9 1.083
1.0 0.922
1.0 0.919
1.0 0.921
1.0 0.923
1.0 0.927
1.0 0.406
1.0 0.813
1.0 0.739
1.0 0.465
1.0 0.445
1.0 0.446
1.0 0.448
1.0 0.450
1.0 0.896
1.0 0.813
1.0 1.093
1.0 1.156
1.0 1.158
1.0 1.157
1.0 1.158
1.0 1.155
1.0 0.684
1.0 0.739
1.0 1.093
0.6 2.490
0.6 2.556
0.8 0.934
0.8 1.428
0.9 0.994
1.0 0.566
0.9 0.698
0.9 0.754
0.8 0.727
0.9 0.592
0.9 0.665
0.9 0.909
1.0 0.566
0.9 0.634
0.9 0.619
0.8 0.656
0.9 0.439
0.9 0.529
0.9 2.345
0.9 2.396
0.9 1.628
0.8 0.758
0.9 0.874
0.9 0.698
0.9 0.634
0.9 0.626
0.9 0.735
0.9 0.561
0.9 0.589
0.9 0.943
0.9 0.754
0.9 0.619
0.9 0.626
0.9 0.622
0.9 0.481
0.9 0.473
0.9 1.033
0.8 0.727
0.8 0.656
0.9 0.735
0.9 0.622
0.9 0.493
0.9 0.470
0.6 1.042
0.6 1.519
0.8 0.857
0.6 1.422
0.5 1.314
0.5 1.286
0.6 1.207
0.6 1.244
0.6 1.230
0.6 1.184
0.9 0.709
0.6 1.073
0.8 1.058
1.0 0.740
0.6 0.989
0.8 0.493
0.7 1.086
0.6 1.689
0.6 1.001
0.6 2.032
0.6 1.935
0.6 1.665
0.9 0.796
0.9 0.841
0.9 0.592
0.9 0.439
0.9 0.561
0.9 0.481
0.9 0.493
1.0 0.368
0.8 0.680
0.7 1.089
0.5 0.705
0.6 1.280
0.7 1.282
0.7 1.955
0.6 1.117
0.4 1.426
0.9 0.750
0.9 0.750
0.8 0.684
0.8 0.490
0.8 0.796
1.0 0.312
0.6 0.903
0.9 1.398
0.8 1.045
0.9 0.728
0.9 1.311
0.9 1.123
0.9 1.153
0.9 1.203
0.9 0.716
1.0 1.138
1.0 0.750
1.0 1.138
1.0 1.316
1.0 0.429
1.0 0.677
1.0 0.429
1.0 0.720
1.0 0.677
1.0 0.720
1.0 0.750
1.0 1.316
1.0 0.130
1.0 0.130
0.8 0.796
0.9 0.780
0.9 0.708
0.8 0.762
0.8 2.027
0.8 0.758
0.8 1.842
0.8 1.912
0.8 0.615
0.8 1.305
0.8 0.758
0.8 0.697
0.6 0.910
0.6 1.579
0.7 1.275
0.9 0.933
1.0 0.176
1.0 0.176
0.7 3.494
0.6 2.295
0.7 1.930
0.7 2.182
0.7 1.979
1.0 1.293
1.0 1.237
1.0 1.884
1.0 1.293
1.0 0.632
1.0 1.237
1.0 0.632
1.0 1.884
0.7 1.275
0.7 1.641
0.7 1.608
0.7 1.250
0.6 1.221
0.6 1.225
0.9 0.641
0.9 0.349
0.9 0.364
0.6 0.706
0.6 0.694
0.6 0.935
0.6 0.928
0.6 0.732
1.0 0.531
1.0 0.531
0.8 1.126
0.8 1.058
0.8 0.751
0.9 0.727
0.8 0.879
0.6 0.853
0.8 0.726
0.7 0.952
0.8 0.879
0.8 1.012
0.8 1.012
1.0 0.831
1.0 0.924
1.0 0.831
1.0 0.180
1.0 0.924
1.0 0.180
0.6 0.853
0.6 1.939
0.6 1.818
0.6 1.396
0.8 1.900
1.0 0.133
1.0 0.133
0.7 1.216
0.9 0.709
0.9 0.933
0.6 0.894
0.6 1.518
0.7 1.250
1.0 0.371
1.0 0.371
0.6 0.624
0.6 0.393
0.6 0.925
0.6 0.859
0.9 0.323
0.7 1.453
1.0 1.059
1.0 1.174
0.8 0.856
0.8 0.983
0.9 0.880
0.9 0.665
0.9 0.529
0.9 0.589
0.9 0.473
0.9 0.470
1.0 0.368
0.8 0.857
0.6 0.750
0.6 1.552
1.0 0.312
0.5 2.452
0.7 1.307
0.7 1.187
0.7 1.624
0.7 1.238
0.7 1.453
0.8 0.882
0.8 0.888
0.8 0.809
0.8 0.717
0.8 0.801
0.8 1.262
0.8 1.320
0.8 1.228
0.8 1.250
0.8 1.208
0.9 0.489
0.9 0.770
0.9 0.759
0.9 0.781
0.9 0.737
0.9 0.701
0.9 0.703
0.9 1.156
0.9 0.691
0.9 0.728
0.9 0.723
0.9 0.755
0.9 0.703
0.8 0.505
0.8 0.983
0.8 1.208
0.7 0.677
0.7 0.956
0.7 0.583
0.9 0.533
0.9 1.297
1.0 1.059
1.0 0.491
1.0 0.491
0.9 1.628
0.9 0.848
1.0 1.174
0.8 1.130
0.8 0.538
0.8 0.735
0.8 0.941
0.8 0.978
0.9 0.323
0.7 1.415
0.8 1.767
0.8 1.767
0.5 0.837
0.5 0.854
0.5 0.926
0.5 1.075
0.5 0.898
0.5 0.781
0.5 0.654
0.5 0.692
0.5 0.617
0.4 1.012
0.4 0.813
0.4 1.323
0.4 0.974
0.8 0.953
0.9 1.008
0.6 1.308
0.6 0.926
0.6 1.062
0.6 1.064
0.6 1.427
0.8 0.953
0.9 1.008
0.6 1.477
0.7 1.086
0.4 1.426
0.7 1.268
0.5 1.039
0.5 0.540
0.5 0.530
0.8 0.726
1.0 0.588
1.0 0.588
0.5 2.637
0.6 0.763
0.5 0.964
0.6 0.908
0.6 0.906
0.6 1.228
0.6 0.828
0.5 0.987
0.6 1.039
0.7 1.019
0.8 1.191
0.8 1.079
0.8 1.086
0.7 0.507
