100.0 0.740
100.0 0.777
100.0 0.777
100.0 0.895
63.2 1.344
81.2 0.805
66.7 1.989
81.2 0.399
100.0 0.870
66.7 0.481
75.0 1.013
65.0 1.243
59.1 3.187
87.5 0.886
71.4 0.341
56.2 1.054
75.0 0.680
87.5 0.641
100.0 0.870
100.0 1.938
81.8 3.051
85.7 0.849
87.5 1.156
75.0 1.102
95.0 3.057
100.0 1.066
100.0 1.066
100.0 1.202
100.0 1.202
62.5 1.372
93.8 1.398
100.0 0.597
100.0 0.597
68.8 0.798
81.2 0.399
100.0 0.179
100.0 0.179
100.0 1.633
61.9 0.800
93.8 0.635
61.9 0.980
52.4 2.487
66.7 2.753
66.7 2.012
81.0 0.882
100.0 1.381
66.7 3.268
61.9 1.293
66.7 0.599
75.0 0.547
71.4 1.415
100.0 0.994
62.5 1.736
62.5 2.151
87.5 1.988
81.0 0.429
68.8 1.216
90.5 0.780
66.7 1.989
76.2 0.407
93.8 0.796
93.8 0.573
100.0 0.666
100.0 0.674
100.0 0.651
100.0 1.125
100.0 0.670
100.0 0.593
100.0 0.652
100.0 0.600
100.0 0.659
81.2 0.754
100.0 0.274
100.0 0.274
100.0 1.152
90.5 0.727
100.0 0.118
100.0 0.118
100.0 0.124
100.0 0.144
100.0 0.199
100.0 0.992
93.8 0.669
93.8 0.172
93.8 0.253
93.8 0.166
93.8 0.182
81.2 0.810
93.8 0.268
100.0 0.922
100.0 0.465
100.0 1.156
61.9 2.490
81.2 0.934
100.0 0.994
100.0 0.909
87.5 2.345
81.2 0.758
100.0 0.874
100.0 0.943
100.0 1.033
87.5 1.042
87.5 1.422
76.2 1.058
100.0 0.740
75.0 0.989
60.9 1.689
56.2 1.001
93.8 0.796
100.0 0.841
75.0 0.680
71.4 1.089
52.4 0.705
75.0 1.280
90.5 0.750
90.5 0.750
81.0 0.684
81.2 0.796
100.0 0.312
61.9 0.903
93.8 1.398
76.2 1.045
93.8 0.728
100.0 1.138
100.0 1.138
100.0 0.429
100.0 0.429
100.0 0.677
100.0 0.750
100.0 0.130
100.0 0.130
81.2 0.796
90.5 0.780
100.0 0.708
81.2 0.758
87.5 0.910
100.0 0.176
100.0 0.176
71.4 3.494
61.9 2.295
76.2 1.930
100.0 1.293
100.0 1.884
100.0 1.293
100.0 1.237
100.0 1.884
87.5 1.275
56.2 1.221
87.5 0.641
62.5 0.706
100.0 0.531
100.0 0.531
75.0 1.126
76.2 1.058
81.0 0.751
90.5 0.727
81.2 0.879
61.9 0.853
76.2 0.726
71.4 0.952
81.2 0.879
81.2 1.012
100.0 0.831
100.0 0.831
100.0 0.924
61.9 0.853
62.5 1.939
85.0 1.900
100.0 0.133
100.0 0.133
68.8 1.216
87.5 0.709
95.2 0.371
95.2 0.371
61.9 0.624
85.7 0.323
68.8 1.453
100.0 1.059
100.0 1.174
81.2 0.856
100.0 0.880
87.5 0.857
100.0 0.312
50.0 2.452
68.8 1.307
81.0 0.882
85.7 0.888
76.2 0.717
81.2 1.262
87.5 0.489
81.2 0.505
66.7 0.677
93.8 0.533
100.0 1.059
100.0 0.491
100.0 0.491
87.5 1.628
100.0 1.174
81.2 1.130
76.2 0.941
85.7 0.323
71.4 1.415
76.2 1.767
76.2 1.767
47.6 0.837
62.5 1.012
87.5 0.953
87.5 1.008
87.5 1.308
75.0 1.477
47.6 1.039
76.2 0.726
100.0 0.588
100.0 0.588
62.5 2.637
75.0 1.019
71.4 0.507
