100.0 0.962
100.0 0.962
96.0 0.610
96.0 0.610
100.0 1.748
96.0 0.176
100.0 1.094
100.0 1.094
100.0 1.748
96.0 0.176
76.0 0.277
100.0 0.573
92.0 1.093
100.0 1.197
91.3 0.689
87.0 1.447
94.1 0.785
78.3 1.248
91.3 1.013
91.3 1.013
68.2 2.255
33.3 4.822
78.3 1.337
100.0 0.741
100.0 0.741
100.0 1.170
69.6 0.477
87.0 2.038
91.3 0.973
73.9 1.260
91.3 1.323
91.3 1.135
91.3 1.323
91.3 1.135
100.0 0.340
100.0 0.340
91.3 1.039
91.3 1.245
100.0 0.953
100.0 0.953
95.5 1.443
95.5 1.443
95.5 1.163
72.7 1.192
83.3 1.321
95.2 1.101
95.7 0.667
91.3 1.420
91.3 1.420
100.0 0.760
100.0 0.760
100.0 1.515
100.0 1.515
100.0 1.114
100.0 1.114
78.3 0.893
95.7 1.030
100.0 1.199
100.0 1.199
100.0 1.207
95.7 0.909
95.7 1.030
87.0 1.018
100.0 0.661
100.0 0.661
87.0 1.258
100.0 0.965
95.7 1.064
91.3 0.635
100.0 0.662
100.0 0.662
100.0 0.787
87.0 0.923
87.0 2.038
84.0 3.204
100.0 0.921
100.0 0.921
50.0 3.699
91.3 1.182
87.0 0.975
82.6 3.204
100.0 0.534
100.0 0.534
100.0 0.865
100.0 0.819
91.3 0.635
95.7 0.984
100.0 1.167
100.0 1.167
100.0 0.959
87.0 1.108
82.6 1.117
95.7 1.064
90.9 1.175
95.7 0.667
88.2 1.299
100.0 0.965
82.6 0.974
100.0 1.052
100.0 1.052
91.3 1.131
91.3 1.131
65.2 0.718
91.3 1.205
95.7 0.676
78.3 1.585
100.0 1.329
95.7 1.033
95.7 1.038
95.7 1.038
95.7 1.313
95.7 1.364
100.0 1.297
100.0 1.297
91.3 0.842
95.7 1.154
95.7 0.676
81.8 0.837
94.1 0.785
86.4 1.057
91.3 0.408
95.5 0.868
94.1 1.606
100.0 0.762
100.0 0.762
83.3 1.478
91.7 1.361
92.0 1.361
87.5 1.215
73.9 1.217
100.0 0.978
87.5 1.730
83.3 1.401
91.3 0.823
100.0 0.512
100.0 0.512
100.0 0.649
100.0 0.527
100.0 0.513
100.0 0.190
100.0 0.317
100.0 1.385
100.0 1.108
83.3 2.078
100.0 0.575
100.0 0.575
100.0 0.571
100.0 0.786
100.0 0.516
100.0 0.516
95.7 0.613
95.7 0.717
100.0 0.686
100.0 0.712
100.0 1.140
100.0 0.452
100.0 0.571
100.0 0.456
100.0 1.012
100.0 0.959
100.0 0.709
100.0 0.688
100.0 0.698
100.0 1.530
94.1 0.918
87.5 1.829
100.0 1.004
100.0 1.004
100.0 0.978
84.0 2.078
77.3 0.690
100.0 1.375
100.0 1.375
90.5 1.251
90.5 1.244
90.5 1.332
100.0 1.043
100.0 1.043
95.5 1.560
100.0 1.534
100.0 1.534
100.0 1.005
95.5 0.727
87.0 0.817
82.6 1.389
91.3 0.735
95.7 1.247
91.3 1.205
91.7 1.506
100.0 1.503
100.0 1.503
100.0 0.467
100.0 0.467
91.3 0.792
95.5 0.941
95.5 1.121
100.0 1.117
100.0 1.117
91.3 1.173
100.0 1.499
78.3 1.308
95.2 1.905
87.0 1.116
78.3 0.886
95.2 1.418
100.0 1.090
100.0 1.090
100.0 1.246
100.0 1.067
100.0 1.067
100.0 0.494
100.0 0.494
95.7 0.844
91.3 0.629
81.8 2.194
95.5 1.386
95.8 1.897
95.2 1.785
91.7 0.973
87.0 0.948
73.9 1.217
92.0 1.134
90.9 0.454
86.4 2.072
95.7 2.663
100.0 1.028
90.9 1.371
95.5 0.838
100.0 1.028
100.0 0.949
100.0 1.237
100.0 1.241
100.0 0.829
100.0 1.244
100.0 1.149
100.0 0.894
100.0 1.302
100.0 1.302
95.5 1.199
95.5 1.126
100.0 1.141
95.5 1.408
90.9 2.155
78.3 1.532
95.5 0.646
95.5 1.013
95.5 0.995
95.5 0.995
100.0 0.336
100.0 0.336
100.0 1.185
100.0 1.185
95.5 1.244
100.0 1.682
100.0 1.141
100.0 0.795
100.0 0.825
100.0 1.035
100.0 0.874
100.0 0.859
95.5 1.013
100.0 0.720
100.0 1.976
95.5 0.727
100.0 1.165
100.0 0.908
100.0 0.636
100.0 0.636
100.0 0.720
100.0 0.683
78.3 1.146
91.3 1.332
95.7 1.539
88.2 0.900
94.1 0.918
95.8 0.724
95.8 1.194
90.9 2.182
100.0 1.314
100.0 1.314
100.0 1.534
100.0 1.534
90.9 2.182
95.8 1.897
90.9 0.644
100.0 1.005
82.6 1.701
91.3 0.928
100.0 1.129
100.0 1.129
100.0 1.311
100.0 0.637
100.0 0.637
100.0 0.553
100.0 0.553
53.8 0.904
90.9 0.591
82.6 1.257
91.3 0.870
100.0 1.011
100.0 1.011
100.0 0.982
95.5 1.168
100.0 0.982
100.0 0.781
82.6 0.995
82.4 0.436
73.9 1.655
95.7 0.819
95.5 1.008
100.0 0.766
100.0 0.766
95.5 1.123
100.0 0.391
100.0 0.391
100.0 2.983
100.0 2.983
56.0 1.856
91.3 0.864
91.3 0.864
81.8 1.756
100.0 0.965
82.6 1.088
81.8 2.091
100.0 1.170
100.0 0.653
95.7 1.486
95.7 1.486
91.3 1.182
100.0 0.489
84.0 1.478
95.2 1.420
96.0 0.858
79.2 0.718
64.7 1.447
80.0 0.727
80.0 0.727
95.7 0.944
95.7 0.944
95.5 0.901
100.0 1.090
96.0 0.794
100.0 1.125
100.0 1.277
100.0 0.958
100.0 0.849
100.0 0.885
100.0 0.573
92.0 0.965
88.2 0.957
100.0 0.653
77.3 2.633
100.0 0.996
100.0 0.996
88.2 0.578
88.2 1.822
88.2 1.442
95.5 0.868
100.0 0.489
100.0 0.504
100.0 0.504
100.0 1.667
92.0 0.831
100.0 0.496
95.5 0.264
100.0 0.496
100.0 1.002
100.0 1.002
91.7 0.668
82.4 1.516
83.3 1.310
79.2 0.718
91.7 0.668
94.1 1.352
94.1 1.352
100.0 1.129
100.0 1.207
88.2 0.840
88.2 1.559
95.7 0.993
95.7 0.815
92.0 0.999
100.0 0.588
100.0 0.588
100.0 1.049
100.0 1.049
53.8 0.904
91.3 0.705
95.7 0.993
