1.0 0.962
1.0 0.962
1.0 0.610
1.0 0.610
1.0 1.748
1.0 1.197
1.0 0.965
1.0 1.090
1.0 1.125
1.0 1.277
1.0 0.176
1.0 1.094
1.0 0.958
1.0 0.849
1.0 0.885
1.0 1.094
1.0 1.089
1.0 0.868
1.0 0.916
1.0 1.748
1.0 1.296
1.0 1.390
1.0 1.340
1.0 1.640
1.0 1.045
1.0 0.176
1.0 0.977
1.0 1.084
1.0 0.469
1.0 0.919
1.0 0.971
1.0 0.277
1.0 0.573
0.9 1.093
0.9 1.402
0.9 0.815
0.9 0.880
0.9 0.851
0.9 1.356
0.9 1.001
1.0 1.197
1.0 1.296
1.0 0.969
1.0 0.524
1.0 1.403
1.0 0.950
0.9 0.689
0.9 1.673
0.9 1.654
0.9 0.766
0.9 1.447
0.9 1.323
0.8 0.785
0.8 1.248
0.8 1.486
0.9 1.013
0.9 1.013
0.9 0.818
0.9 0.970
0.9 0.967
0.9 1.584
0.6 2.255
0.6 2.190
0.6 0.826
0.6 1.051
0.6 0.869
0.7 1.359
0.7 1.042
0.3 4.822
0.3 3.670
0.3 4.877
0.3 4.651
0.3 4.655
0.3 4.638
0.3 4.678
0.7 1.337
0.7 1.432
1.0 0.741
1.0 0.741
1.0 1.170
0.6 0.477
0.6 0.419
0.9 2.038
0.9 0.973
0.7 1.260
0.7 1.275
0.7 1.414
0.7 1.322
0.7 1.151
0.9 1.323
0.9 1.237
0.9 1.135
0.9 1.323
0.9 1.135
1.0 0.340
1.0 0.340
0.9 1.039
0.9 0.970
0.9 1.245
0.9 1.002
1.0 0.953
1.0 0.953
0.9 1.443
1.0 0.941
0.9 1.443
1.0 1.408
0.9 1.163
1.0 0.924
1.0 0.878
1.0 0.887
1.0 0.843
1.0 1.162
1.0 0.868
1.0 1.011
1.0 1.011
0.9 0.923
1.0 1.009
1.0 1.131
0.8 1.192
0.7 0.991
0.7 0.996
0.8 1.321
0.7 1.410
0.8 1.101
0.8 0.838
1.0 0.667
0.9 1.420
0.9 1.420
1.0 0.760
1.0 0.760
1.0 1.515
1.0 1.515
1.0 1.114
1.0 1.114
0.7 0.893
0.7 1.008
0.9 1.030
0.9 0.965
0.9 0.852
1.0 1.199
1.0 1.207
1.0 1.199
1.0 0.151
1.0 1.207
1.0 0.151
1.0 0.909
1.0 1.277
1.0 1.278
0.9 1.030
0.9 1.018
0.9 1.092
1.0 0.661
1.0 0.661
0.8 1.258
0.8 1.020
1.0 0.965
0.9 1.064
0.8 0.635
0.8 0.944
0.8 0.556
0.8 0.825
0.8 0.628
1.0 0.662
1.0 0.787
1.0 0.662
1.0 0.627
1.0 0.787
1.0 0.627
0.8 0.923
0.8 1.111
0.9 2.038
0.8 3.204
1.0 0.921
1.0 1.329
1.0 0.921
1.0 1.536
0.5 3.699
0.5 5.037
0.5 3.778
0.5 3.657
0.8 1.182
0.8 0.975
0.8 3.204
0.9 0.983
0.9 1.318
0.9 1.040
0.9 0.869
0.9 0.664
1.0 0.534
1.0 0.865
1.0 0.819
1.0 0.534
1.0 0.728
1.0 0.842
1.0 0.865
1.0 0.728
1.0 0.927
1.0 0.819
1.0 0.842
1.0 0.927
0.8 0.635
0.9 1.336
0.9 1.263
0.9 1.274
0.9 1.057
1.0 0.984
1.0 1.382
1.0 1.208
1.0 1.167
1.0 0.959
1.0 1.167
1.0 0.656
1.0 0.959
1.0 0.656
0.9 1.108
0.9 0.924
0.9 0.664
0.9 0.749
0.8 1.046
0.8 1.117
0.9 1.064
0.9 1.175
1.0 0.667
0.8 1.299
0.8 1.208
1.0 0.965
0.7 0.974
1.0 1.052
1.0 1.052
0.9 1.131
0.9 1.131
0.6 0.718
0.6 0.578
0.6 0.593
0.6 0.910
0.6 1.213
0.6 0.687
0.6 0.999
0.6 0.828
0.6 0.826
0.6 1.027
0.9 1.205
0.9 1.327
0.9 1.225
0.9 1.058
0.9 1.101
0.9 1.432
0.9 1.198
0.9 0.676
0.7 1.585
0.7 1.155
0.7 0.744
0.8 0.892
0.8 1.126
0.8 1.313
0.8 1.189
1.0 1.329
1.0 1.536
1.0 1.033
1.0 1.152
1.0 1.372
1.0 1.443
1.0 1.348
1.0 1.038
1.0 1.313
1.0 1.352
0.9 1.148
1.0 1.038
1.0 1.153
1.0 1.079
0.9 0.744
1.0 1.313
1.0 1.153
1.0 1.604
0.9 1.404
1.0 1.364
1.0 1.586
1.0 0.982
1.0 1.443
1.0 1.352
1.0 1.079
1.0 1.604
1.0 1.335
0.9 1.140
1.0 1.297
1.0 1.297
0.9 0.842
0.9 1.031
1.0 1.154
1.0 1.529
1.0 1.268
1.0 1.348
1.0 1.335
0.9 0.676
0.7 0.837
0.8 1.213
0.7 0.915
0.8 0.785
0.8 1.057
0.8 1.528
0.9 0.408
0.9 0.868
0.9 1.606
0.9 1.659
0.9 0.940
1.0 0.762
1.0 0.762
0.8 1.478
0.9 1.361
0.9 1.361
0.9 1.470
0.9 1.215
0.9 1.306
0.9 1.272
0.9 0.979
0.7 1.174
0.7 1.217
1.0 0.978
0.9 1.730
0.9 1.816
0.8 1.401
0.7 1.590
0.8 1.866
0.8 1.481
0.9 0.823
0.9 0.623
0.9 0.739
0.9 0.612
0.9 0.622
0.9 0.838
0.9 0.793
0.9 0.883
0.9 0.742
1.0 0.512
1.0 0.649
1.0 0.527
1.0 0.513
1.0 0.190
1.0 0.317
1.0 1.385
1.0 1.108
1.0 0.512
1.0 0.427
1.0 0.175
1.0 0.162
1.0 0.535
1.0 0.467
1.0 0.582
1.0 0.424
1.0 0.649
1.0 0.427
1.0 0.439
1.0 0.440
1.0 0.666
1.0 0.629
1.0 0.713
1.0 0.595
1.0 0.527
1.0 0.175
1.0 0.439
1.0 0.186
1.0 0.565
1.0 0.516
1.0 0.610
1.0 0.438
1.0 0.513
1.0 0.162
1.0 0.440
1.0 0.186
1.0 0.531
1.0 0.481
1.0 0.607
1.0 0.430
1.0 0.190
1.0 0.535
1.0 0.666
1.0 0.565
1.0 0.531
1.0 0.335
1.0 1.333
1.0 1.072
1.0 0.317
1.0 0.467
1.0 0.629
1.0 0.516
1.0 0.481
1.0 0.335
1.0 1.396
1.0 1.092
1.0 1.385
1.0 0.582
1.0 0.713
1.0 0.610
1.0 0.607
1.0 1.333
1.0 1.396
1.0 0.690
1.0 1.108
1.0 0.424
1.0 0.595
1.0 0.438
1.0 0.430
1.0 1.072
1.0 1.092
1.0 0.690
0.8 2.078
1.0 0.575
1.0 0.571
1.0 0.786
1.0 0.575
1.0 0.249
1.0 1.622
1.0 0.571
1.0 0.249
1.0 1.621
1.0 0.786
1.0 1.622
1.0 1.621
1.0 0.516
1.0 0.686
1.0 0.712
1.0 1.140
1.0 0.452
1.0 0.571
1.0 0.456
1.0 1.012
1.0 0.959
1.0 0.709
1.0 0.688
1.0 0.698
1.0 1.530
1.0 0.516
1.0 0.884
1.0 0.897
1.0 1.204
1.0 0.680
1.0 0.775
1.0 0.671
1.0 1.120
1.0 1.049
1.0 0.895
1.0 0.821
1.0 0.866
1.0 1.600
1.0 0.613
1.0 0.820
1.0 0.611
1.0 0.502
1.0 1.303
1.0 0.633
1.0 0.447
1.0 0.553
1.0 1.198
1.0 1.240
1.0 0.786
1.0 0.590
1.0 0.612
1.0 1.337
1.0 0.717
1.0 0.857
1.0 0.419
1.0 0.575
1.0 1.241
1.0 0.643
1.0 0.486
1.0 0.609
1.0 1.272
1.0 1.193
1.0 0.732
1.0 0.497
1.0 0.337
1.0 1.389
1.0 0.686
1.0 0.884
1.0 0.537
1.0 1.341
1.0 0.608
1.0 0.517
1.0 0.625
1.0 1.331
1.0 1.262
1.0 0.716
1.0 0.478
1.0 0.199
1.0 1.273
1.0 0.712
1.0 0.897
1.0 0.537
1.0 1.369
1.0 0.749
1.0 0.473
1.0 0.586
1.0 1.297
1.0 1.299
1.0 0.796
1.0 0.491
1.0 0.527
1.0 1.316
1.0 1.140
1.0 1.204
1.0 1.341
1.0 1.369
1.0 1.073
1.0 1.290
1.0 1.325
1.0 0.530
1.0 0.561
1.0 0.993
1.0 1.189
1.0 1.298
1.0 1.679
1.0 0.452
1.0 0.680
1.0 0.608
1.0 0.749
1.0 1.073
1.0 0.674
1.0 0.623
1.0 1.071
1.0 0.942
1.0 0.441
1.0 0.595
1.0 0.595
1.0 1.414
1.0 0.571
1.0 0.775
1.0 0.517
1.0 0.473
1.0 1.290
1.0 0.674
1.0 0.399
1.0 1.190
1.0 1.223
1.0 0.839
1.0 0.575
1.0 0.482
1.0 1.372
1.0 0.456
1.0 0.671
1.0 0.625
1.0 0.586
1.0 1.325
1.0 0.623
1.0 0.399
1.0 1.226
1.0 1.174
1.0 0.888
1.0 0.646
1.0 0.600
1.0 1.538
1.0 1.012
1.0 1.120
1.0 1.331
1.0 1.297
1.0 0.530
1.0 1.071
1.0 1.190
1.0 1.226
1.0 0.585
1.0 1.038
1.0 1.194
1.0 1.321
1.0 1.688
1.0 0.959
1.0 1.049
1.0 1.262
1.0 1.299
1.0 0.561
1.0 0.942
1.0 1.223
1.0 1.174
1.0 0.585
1.0 1.011
1.0 1.064
1.0 1.245
1.0 1.792
1.0 0.709
1.0 0.895
1.0 0.716
1.0 0.796
1.0 0.993
1.0 0.441
1.0 0.839
1.0 0.888
1.0 1.038
1.0 1.011
1.0 0.729
1.0 0.709
1.0 1.278
1.0 0.688
1.0 0.821
1.0 0.478
1.0 0.491
1.0 1.189
1.0 0.595
1.0 0.575
1.0 0.646
1.0 1.194
1.0 1.064
1.0 0.729
1.0 0.449
1.0 1.327
1.0 0.698
1.0 0.866
1.0 0.199
1.0 0.527
1.0 1.298
1.0 0.595
1.0 0.482
1.0 0.600
1.0 1.321
1.0 1.245
1.0 0.709
1.0 0.449
1.0 1.296
1.0 1.530
1.0 1.600
1.0 1.273
1.0 1.316
1.0 1.679
1.0 1.414
1.0 1.372
1.0 1.538
1.0 1.688
1.0 1.792
1.0 1.278
1.0 1.327
1.0 1.296
1.0 0.918
0.9 1.829
0.9 1.912
1.0 1.004
1.0 1.004
1.0 0.978
0.8 2.078
0.7 0.690
0.8 2.884
0.8 0.765
0.8 0.926
1.0 1.375
0.8 1.499
1.0 1.375
0.9 1.600
0.9 1.251
0.9 1.447
0.8 1.488
0.8 1.045
0.8 1.308
0.8 1.950
0.8 1.244
0.8 1.157
0.8 1.488
0.9 1.332
0.8 1.269
0.8 1.497
0.7 1.085
0.9 1.332
0.8 1.371
0.7 0.878
0.8 1.120
1.0 1.043
1.0 1.043
0.9 1.560
0.9 1.520
0.9 1.534
0.9 1.534
1.0 1.005
0.9 0.727
0.9 1.170
0.9 0.817
0.9 0.664
0.9 0.686
0.9 0.843
0.9 1.220
0.8 1.389
0.9 0.735
0.9 0.736
0.9 1.247
0.9 1.181
0.9 1.205
0.9 1.506
0.9 1.593
1.0 1.503
1.0 1.503
1.0 0.467
1.0 0.467
0.9 0.792
1.0 0.941
1.0 1.121
0.9 0.468
1.0 1.117
1.0 1.117
0.8 1.173
0.8 1.045
0.8 1.371
0.8 1.275
0.8 1.359
0.8 1.499
0.9 1.600
0.7 1.308
0.8 1.124
0.8 1.099
0.9 1.905
0.9 1.277
0.8 1.359
0.8 1.755
0.8 1.116
0.7 0.886
0.7 1.148
0.7 1.188
0.9 1.418
0.9 1.617
0.8 1.111
1.0 1.090
0.9 1.246
1.0 1.090
0.9 1.271
0.9 1.246
0.9 1.271
0.9 1.067
0.9 1.067
1.0 0.494
1.0 0.494
0.9 0.844
0.9 0.696
1.0 0.819
0.9 0.629
0.9 2.194
1.0 1.386
1.0 1.897
0.9 1.785
0.9 1.523
0.8 1.836
0.9 0.973
0.9 1.624
0.8 0.948
0.7 1.217
0.7 0.467
0.7 0.676
0.8 1.134
0.8 1.314
0.9 0.454
0.9 2.072
0.8 1.397
0.9 1.291
0.9 1.161
0.9 0.906
0.9 1.047
0.9 1.324
0.9 1.134
0.9 1.172
0.9 1.362
0.8 1.219
0.8 1.297
0.9 0.753
0.9 0.688
0.8 1.256
0.9 1.509
0.9 1.198
0.9 1.043
1.0 2.663
0.9 1.028
0.9 0.949
0.9 1.237
0.9 1.241
0.9 0.829
0.9 1.244
0.9 1.149
0.9 0.894
0.8 1.141
0.9 1.129
0.9 1.207
0.9 1.371
0.9 1.149
0.9 1.086
0.9 0.807
0.9 0.885
0.9 1.370
0.9 0.929
0.9 1.045
0.9 1.244
0.8 1.355
0.9 2.100
0.9 1.218
0.9 1.197
0.8 0.838
0.9 0.918
0.9 0.840
0.9 0.973
0.9 0.928
0.9 0.815
0.9 0.971
0.9 0.966
0.9 0.899
0.8 0.924
0.9 0.964
0.9 0.885
0.9 1.028
1.0 0.669
1.0 0.896
1.0 0.804
1.0 1.295
1.0 0.795
1.0 0.833
1.0 0.563
0.9 1.075
1.0 0.985
1.0 1.417
0.9 0.949
1.0 0.669
1.0 0.905
1.0 0.786
1.0 1.130
1.0 0.827
1.0 0.916
1.0 0.693
0.9 0.977
1.0 1.067
1.0 1.228
0.9 1.237
1.0 0.896
1.0 0.905
1.0 0.768
1.0 1.386
1.0 0.814
1.0 0.871
1.0 0.981
0.9 1.235
1.0 1.187
1.0 1.244
0.9 1.241
1.0 0.804
1.0 0.786
1.0 0.768
1.0 1.401
1.0 0.300
1.0 0.818
1.0 0.866
0.9 1.210
1.0 1.151
1.0 1.265
0.9 0.829
1.0 1.295
1.0 1.130
1.0 1.386
1.0 1.401
1.0 1.431
1.0 1.455
1.0 1.158
0.9 1.209
1.0 1.266
1.0 0.937
0.9 1.244
1.0 0.795
1.0 0.827
1.0 0.814
1.0 0.300
1.0 1.431
1.0 0.723
1.0 0.858
0.9 1.213
1.0 1.083
1.0 1.359
0.9 1.149
1.0 0.833
1.0 0.916
1.0 0.871
1.0 0.818
1.0 1.455
1.0 0.723
1.0 0.835
0.9 1.190
1.0 0.992
1.0 1.537
0.9 0.894
1.0 0.563
1.0 0.693
1.0 0.981
1.0 0.866
1.0 1.158
1.0 0.858
1.0 0.835
0.9 1.034
1.0 1.069
1.0 1.424
1.0 1.302
1.0 1.302
0.9 1.199
0.9 1.335
0.9 1.126
0.9 1.006
0.9 1.196
0.8 1.141
0.9 1.075
0.9 0.977
0.9 1.235
0.9 1.210
0.9 1.209
0.9 1.213
0.9 1.190
0.9 1.034
0.9 1.104
0.9 1.377
1.0 1.408
1.0 2.663
0.9 1.483
0.9 1.272
0.9 1.196
0.8 2.155
0.9 2.100
0.9 2.056
0.9 2.223
0.9 2.121
0.9 2.186
0.9 2.296
0.9 2.179
0.9 2.269
0.9 2.113
0.8 2.154
0.9 2.279
0.9 2.328
0.8 1.532
0.8 1.995
0.8 0.646
0.9 0.938
0.9 0.879
0.9 1.013
0.8 0.995
0.8 0.871
1.0 0.739
1.0 1.142
0.8 0.725
0.9 1.274
0.9 1.081
0.8 0.995
0.9 1.158
0.9 1.159
0.9 1.834
0.9 1.104
0.9 0.948
0.9 0.963
0.9 0.916
0.9 1.063
0.9 1.066
0.9 1.832
0.9 1.225
0.9 0.991
0.9 1.168
1.0 0.336
1.0 0.336
1.0 1.185
1.0 1.682
1.0 1.141
1.0 0.795
1.0 0.825
1.0 1.035
1.0 0.874
1.0 0.859
0.9 1.976
1.0 1.165
1.0 0.908
1.0 1.185
1.0 1.663
1.0 0.967
1.0 0.906
1.0 0.946
1.0 1.003
1.0 1.041
1.0 0.959
0.9 1.979
1.0 1.061
1.0 0.939
0.9 1.244
0.9 1.174
0.9 1.733
0.9 1.040
0.9 0.864
0.9 0.842
0.9 0.739
0.9 1.210
0.9 1.216
0.9 1.443
0.9 1.134
0.9 0.908
1.0 1.682
1.0 1.663
1.0 1.748
1.0 1.732
1.0 1.763
1.0 1.750
1.0 1.725
1.0 1.693
0.9 1.798
1.0 1.834
1.0 1.743
1.0 1.141
1.0 0.967
1.0 1.748
1.0 0.518
1.0 0.654
1.0 0.885
1.0 0.958
1.0 0.938
0.9 1.781
1.0 0.795
1.0 0.906
1.0 0.795
1.0 0.906
1.0 1.732
1.0 0.518
1.0 0.406
1.0 0.766
1.0 0.771
1.0 0.771
0.9 1.565
1.0 0.633
1.0 0.901
1.0 0.825
1.0 0.946
1.0 1.763
1.0 0.654
1.0 0.406
1.0 0.738
1.0 0.756
1.0 0.810
0.9 1.528
1.0 0.687
1.0 0.847
1.0 1.035
1.0 1.003
1.0 1.750
1.0 0.885
1.0 0.766
1.0 0.738
1.0 0.991
1.0 1.003
0.9 1.687
1.0 1.139
1.0 0.804
1.0 0.874
1.0 1.041
1.0 1.725
1.0 0.958
1.0 0.771
1.0 0.756
1.0 0.991
1.0 0.683
0.9 2.019
1.0 1.248
1.0 0.831
1.0 0.859
1.0 0.959
1.0 1.693
1.0 0.938
1.0 0.771
1.0 0.810
1.0 1.003
1.0 0.683
0.9 2.030
1.0 1.093
1.0 0.770
0.9 1.013
0.9 0.907
0.9 1.125
0.9 1.722
0.9 1.097
0.9 0.798
0.9 0.817
0.9 0.859
0.9 0.900
0.9 0.775
0.9 0.690
0.9 1.819
0.9 1.275
0.9 0.918
0.8 0.723
0.8 0.684
0.8 0.720
0.8 0.683
0.9 1.976
0.9 1.979
0.9 1.798
0.9 1.781
0.9 1.565
0.9 1.528
0.9 1.687
0.9 2.019
0.9 2.030
0.9 1.823
0.9 1.851
0.9 0.727
0.9 0.859
0.9 1.529
0.9 0.739
0.9 0.580
0.9 0.671
0.9 0.798
0.9 0.907
0.9 0.803
0.8 1.440
0.9 0.583
0.9 0.929
1.0 1.165
1.0 1.061
1.0 1.834
1.0 0.795
1.0 0.633
1.0 0.687
1.0 1.139
1.0 1.248
1.0 1.093
0.9 1.823
1.0 1.083
1.0 0.908
1.0 0.939
1.0 1.743
1.0 0.906
1.0 0.901
1.0 0.847
1.0 0.804
1.0 0.831
1.0 0.770
0.9 1.851
1.0 1.083
1.0 0.636
1.0 0.636
0.8 0.720
1.0 0.965
0.8 0.683
1.0 0.965
0.8 1.146
0.8 1.157
0.9 1.332
0.9 1.006
1.0 1.539
1.0 1.178
0.9 1.148
0.9 0.744
0.9 1.404
0.9 1.140
0.9 0.900
1.0 0.918
1.0 0.724
0.9 1.194
0.9 1.182
1.0 0.724
0.9 2.182
0.8 0.644
0.8 0.591
1.0 1.314
1.0 1.314
1.0 1.534
1.0 1.534
0.9 2.182
1.0 1.897
0.8 0.644
1.0 1.005
0.8 1.701
0.7 0.815
0.8 1.465
0.7 0.698
0.7 0.741
0.7 0.526
0.9 1.436
0.9 1.683
0.8 1.359
0.9 0.928
0.9 1.597
1.0 1.129
1.0 1.311
1.0 1.129
1.0 0.580
1.0 1.311
1.0 0.580
1.0 0.637
1.0 0.637
1.0 0.553
1.0 0.553
0.6 0.904
0.8 0.591
0.8 1.257
0.9 0.870
1.0 1.011
1.0 1.011
0.8 0.982
0.8 0.781
0.9 1.168
1.0 0.411
0.8 0.960
0.8 0.724
0.9 0.757
0.9 0.994
0.8 0.982
1.0 0.624
0.8 0.781
1.0 0.624
0.8 0.995
0.8 1.244
0.8 0.436
0.8 0.543
0.8 0.802
0.7 1.655
1.0 0.819
0.9 1.008
0.9 0.774
1.0 0.766
1.0 0.766
0.9 1.123
0.8 1.242
0.8 1.035
1.0 0.391
1.0 0.391
1.0 2.983
1.0 2.983
0.5 1.856
0.5 1.874
0.9 0.864
0.9 0.864
0.8 1.756
0.8 1.386
0.8 1.877
1.0 0.965
1.0 1.390
1.0 0.969
1.0 0.932
1.0 1.035
1.0 0.801
0.7 1.088
0.7 0.970
0.7 0.963
0.8 2.091
0.8 1.827
1.0 1.170
1.0 0.653
1.0 1.486
1.0 1.486
0.8 1.182
1.0 0.489
0.8 1.478
0.7 1.195
0.7 1.182
0.9 1.420
1.0 1.280
0.8 0.862
1.0 0.858
1.0 1.457
0.9 0.769
0.9 0.615
1.0 0.778
1.0 1.183
1.0 0.936
0.7 0.718
0.6 1.447
0.6 1.191
0.5 1.134
0.5 1.321
0.5 1.486
0.8 0.727
0.8 0.727
1.0 0.944
1.0 0.944
0.8 0.901
0.8 0.777
1.0 1.386
0.9 1.292
1.0 1.369
1.0 1.971
1.0 1.216
1.0 0.727
1.0 0.680
1.0 0.967
1.0 1.218
1.0 1.346
0.9 1.619
1.0 1.357
1.0 1.202
1.0 1.189
1.0 1.014
1.0 1.090
1.0 1.340
1.0 0.524
1.0 0.932
1.0 1.350
1.0 1.001
1.0 0.794
1.0 1.539
0.9 1.001
0.9 0.745
1.0 0.989
1.0 1.020
1.0 1.061
1.0 1.125
1.0 1.640
1.0 1.403
1.0 1.035
1.0 1.350
1.0 1.373
1.0 1.277
1.0 1.045
1.0 0.950
1.0 0.801
1.0 1.001
1.0 1.373
1.0 0.958
1.0 1.089
1.0 0.905
1.0 1.114
1.0 0.849
1.0 0.868
1.0 0.905
1.0 0.873
1.0 0.885
1.0 0.916
1.0 1.114
1.0 0.873
1.0 0.573
0.9 0.965
0.9 0.672
0.9 0.765
0.9 0.947
0.9 0.933
0.9 0.723
0.9 0.985
0.9 0.649
0.9 0.708
0.9 0.959
0.9 0.847
0.9 0.981
0.8 0.957
0.8 0.852
0.8 1.457
0.8 1.731
0.8 1.790
0.8 1.046
1.0 0.653
0.7 2.633
0.7 0.566
1.0 0.996
1.0 0.996
0.9 0.578
0.9 0.497
0.8 1.648
0.8 1.734
0.8 0.839
0.8 1.822
0.8 1.871
0.8 1.010
0.8 1.442
0.8 1.457
0.8 0.837
0.8 0.887
0.8 1.426
0.9 0.868
1.0 0.489
1.0 0.504
0.9 1.667
1.0 0.504
0.9 1.748
0.9 1.667
0.9 1.748
0.9 0.831
0.9 0.643
1.0 0.496
0.9 0.264
1.0 0.927
1.0 0.496
1.0 1.002
1.0 1.002
0.9 0.668
0.8 1.516
0.8 1.525
0.8 0.839
0.7 0.860
0.8 1.310
0.7 0.718
0.7 0.950
0.7 0.560
0.9 0.668
1.0 1.352
1.0 1.352
0.9 1.129
1.0 0.985
1.0 1.067
1.0 1.187
1.0 1.151
1.0 1.266
1.0 1.083
1.0 0.992
1.0 1.069
0.9 1.104
1.0 1.380
0.9 1.207
1.0 1.417
1.0 1.228
1.0 1.244
1.0 1.265
1.0 0.937
1.0 1.359
1.0 1.537
1.0 1.424
0.9 1.377
1.0 1.380
0.9 0.840
0.8 1.559
0.8 1.624
0.8 0.763
1.0 0.993
0.9 0.815
0.9 0.999
0.9 1.657
0.9 1.346
0.9 0.692
0.9 0.906
0.9 1.246
0.9 1.049
0.9 1.097
1.0 0.588
1.0 0.588
1.0 1.049
1.0 1.049
0.6 0.904
0.9 0.705
1.0 0.993
0.9 0.815
