0.5 1.612
0.5 1.753
0.5 1.671
0.5 1.646
0.5 1.775
0.5 1.773
0.5 1.826
0.5 1.628
1.0 0.930
0.9 0.831
0.5 1.563
0.5 1.619
0.5 1.802
0.5 1.077
0.5 1.785
0.5 1.685
0.5 1.698
0.5 1.689
0.5 1.749
0.5 1.844
0.5 1.835
0.5 1.676
0.7 3.145
0.6 2.924
0.7 3.198
0.7 3.025
1.0 3.678
0.8 3.483
0.8 3.242
0.6 3.006
0.6 3.109
0.6 3.186
0.6 3.019
0.6 3.594
0.6 3.504
0.6 3.443
0.7 2.985
0.5 2.849
0.6 3.011
0.6 2.991
0.7 3.177
0.6 0.800
0.7 3.307
0.7 3.335
0.7 3.313
0.7 3.132
0.7 0.955
0.6 3.040
0.6 3.038
0.7 3.131
0.7 3.330
0.6 3.147
0.5 2.673
0.5 2.583
0.5 2.897
0.5 3.341
0.8 3.392
0.5 2.509
0.5 2.905
0.6 2.927
0.5 2.819
0.5 2.972
0.5 2.822
0.6 3.549
0.6 3.098
0.5 2.739
0.5 2.752
0.6 3.494
0.6 3.481
0.6 2.853
0.6 2.731
0.9 3.725
1.0 3.624
0.9 3.720
0.8 3.725
0.6 0.800
0.6 2.858
0.8 3.359
0.8 3.362
0.9 3.686
0.9 3.743
0.8 3.186
0.9 3.736
0.6 3.578
0.6 3.436
0.6 3.482
0.8 3.724
0.6 3.303
0.9 3.688
0.8 3.111
0.9 3.749
0.9 3.635
0.9 3.654
0.9 3.667
0.9 3.853
0.9 0.946
1.0 3.721
1.0 3.690
0.8 3.180
0.9 3.720
0.9 3.705
0.5 2.738
0.6 2.609
0.6 3.314
0.6 3.305
0.8 3.373
0.6 2.544
0.6 3.224
0.6 3.288
0.6 3.356
0.6 3.367
0.6 3.202
0.6 3.547
0.9 3.748
0.7 3.262
0.6 3.331
0.6 3.332
0.6 3.543
0.7 3.187
0.7 3.034
1.0 3.957
0.9 3.803
1.0 4.037
0.8 3.907
0.7 0.955
0.7 3.125
0.9 3.757
0.9 3.429
0.9 3.873
0.9 3.924
0.8 3.335
0.9 3.904
0.6 3.605
0.6 3.468
0.6 3.513
0.8 3.912
0.6 3.434
0.9 3.861
0.8 3.294
1.0 4.067
0.9 0.946
1.0 4.064
1.0 4.064
1.0 4.078
1.0 3.995
0.9 3.899
0.9 3.872
0.9 3.440
1.0 4.102
0.9 3.879
0.5 2.773
0.5 2.715
0.6 3.437
0.6 3.488
0.9 3.631
0.5 2.612
0.6 3.405
0.7 3.472
0.5 3.399
0.6 3.533
0.6 3.364
0.6 3.588
0.9 3.936
0.6 3.387
0.5 3.370
0.6 3.360
0.6 3.576
0.7 3.411
0.7 3.303
0.5 1.564
0.5 1.762
0.5 1.651
0.5 1.616
0.5 1.700
0.5 1.762
0.5 1.728
0.5 1.606
1.0 0.930
0.9 1.085
0.5 1.577
0.5 1.614
0.5 1.790
0.5 1.191
0.5 1.745
0.5 1.640
0.5 1.702
0.5 1.721
0.5 1.690
0.5 1.744
0.5 1.735
0.5 1.724
0.5 1.468
0.5 1.597
0.5 1.513
0.5 1.486
0.5 1.637
0.5 1.627
0.5 1.712
0.5 1.497
0.9 0.831
0.9 1.085
0.5 1.445
0.5 1.497
0.5 1.655
0.5 0.922
0.5 1.623
0.5 1.549
0.5 1.538
0.5 1.533
0.5 1.581
0.5 1.733
0.5 1.721
0.5 1.521
0.8 1.724
0.8 1.744
0.8 1.800
0.8 1.850
0.8 1.956
0.8 1.783
0.7 1.870
0.8 1.761
0.5 1.077
0.5 1.191
0.5 0.922
0.8 1.905
0.8 1.776
0.7 1.848
0.8 1.815
0.8 1.810
0.8 1.764
0.8 1.898
0.8 1.868
0.7 1.838
0.7 1.785
0.8 1.844
0.9 0.775
1.0 0.762
0.9 0.775
0.9 0.664
1.0 0.762
0.9 0.664
