0.9 0.756
0.9 0.756
1.0 0.841
0.6 3.326
0.9 0.623
0.9 0.743
0.9 1.590
0.9 1.017
0.9 0.927
0.9 0.625
0.9 0.795
0.9 0.732
0.9 0.911
1.0 0.646
1.0 1.646
1.0 0.440
1.0 1.596
1.0 0.825
1.0 0.773
1.0 0.440
1.0 1.690
1.0 0.998
1.0 0.869
1.0 1.596
1.0 1.690
1.0 1.700
1.0 1.735
1.0 0.579
1.0 1.831
1.0 0.571
1.0 0.376
0.8 1.753
0.8 1.690
1.0 0.681
1.0 0.681
0.8 1.075
0.7 1.001
0.7 0.725
0.7 0.708
0.7 0.615
0.7 0.633
0.8 0.603
0.8 0.450
0.8 0.485
1.0 0.455
1.0 0.455
0.7 1.003
0.7 0.973
0.4 3.375
0.7 0.750
0.7 0.593
0.7 0.607
0.7 0.753
0.7 0.628
0.7 1.021
1.0 0.277
1.0 0.277
1.0 0.421
0.6 0.791
0.6 0.734
0.6 0.900
0.6 1.045
0.6 1.355
0.6 1.101
0.6 1.172
0.6 1.703
0.7 0.927
0.6 1.167
0.7 0.639
0.8 0.572
0.8 1.006
0.7 0.793
0.8 1.569
0.7 0.747
0.7 0.684
0.7 2.204
1.0 0.865
1.0 0.865
1.0 0.649
1.0 0.353
0.5 1.553
0.8 0.819
0.8 0.821
0.9 0.767
1.0 0.773
1.0 0.773
0.8 1.010
0.9 1.152
0.7 0.762
0.8 0.447
1.0 0.860
1.0 0.860
0.8 0.384
0.8 0.972
0.7 1.188
0.8 1.038
1.0 0.975
1.0 0.975
1.0 0.476
1.0 0.859
1.0 0.884
0.8 0.860
0.8 0.878
0.7 1.015
0.8 1.149
0.8 1.191
0.8 1.162
0.8 1.094
0.8 1.728
0.7 0.858
0.9 0.933
0.9 0.923
0.9 1.210
0.7 1.197
0.8 1.579
1.0 0.559
0.8 0.687
0.8 0.447
0.8 0.887
1.0 0.523
1.0 0.523
1.0 0.965
1.0 0.965
1.0 1.830
1.0 1.830
0.7 1.380
0.7 1.098
0.7 1.027
0.7 1.006
0.7 1.255
0.7 1.326
0.6 1.286
0.7 1.333
0.9 0.671
0.9 0.546
1.0 0.410
1.0 0.410
1.0 1.334
1.0 0.972
1.0 1.334
1.0 1.414
0.8 1.351
0.8 1.351
0.8 1.811
0.8 0.819
0.8 0.952
0.6 0.915
0.6 0.845
1.0 0.211
1.0 0.211
0.7 0.676
0.7 0.306
0.9 0.987
0.8 0.821
0.8 0.952
0.9 1.030
0.7 0.591
0.9 1.143
0.7 0.705
0.7 0.985
0.7 0.793
0.7 0.904
0.8 1.689
0.8 1.547
0.8 1.743
0.7 1.548
0.8 1.939
0.8 1.656
0.8 1.902
0.8 1.875
0.7 2.067
0.8 2.435
1.0 0.433
1.0 0.151
1.0 0.433
1.0 0.421
1.0 0.151
1.0 0.421
0.8 0.610
1.0 0.972
1.0 1.414
0.8 0.610
0.4 1.615
0.5 1.333
0.4 1.589
0.4 1.525
0.5 1.492
0.7 1.593
0.5 1.522
0.5 1.453
0.5 1.608
0.5 1.609
0.5 1.681
0.5 1.500
0.5 1.518
0.5 1.613
0.5 1.640
0.5 1.643
0.5 1.197
0.5 1.760
1.0 0.804
1.0 0.804
0.8 0.732
0.6 0.625
0.6 0.604
0.8 1.010
0.7 0.867
0.7 1.593
0.5 1.552
0.4 1.693
1.0 0.452
1.0 0.538
1.0 0.815
1.0 0.452
1.0 0.557
1.0 0.657
1.0 0.538
1.0 0.557
1.0 0.749
1.0 0.815
1.0 0.657
1.0 0.749
0.7 1.001
0.7 1.010
0.7 0.651
0.8 1.412
1.0 0.842
1.0 0.703
0.6 0.998
0.6 0.701
0.7 0.475
0.7 0.905
0.7 0.720
1.0 0.842
1.0 0.857
1.0 0.703
1.0 0.857
0.6 0.670
0.6 1.065
0.6 1.116
0.6 0.990
0.5 1.154
1.0 0.708
0.8 0.811
0.8 3.277
0.7 0.518
0.7 0.398
0.7 0.817
0.7 0.955
0.7 0.720
0.7 0.378
0.7 0.871
0.9 0.767
0.9 1.152
1.0 0.884
1.0 0.771
1.0 0.644
0.8 1.158
1.0 0.559
1.0 1.119
0.7 1.656
0.8 0.887
1.0 1.135
1.0 0.875
1.0 1.135
1.0 1.067
0.6 1.131
0.5 0.732
0.6 0.639
0.5 0.949
0.6 0.836
0.6 0.921
0.4 1.188
1.0 1.100
0.8 0.625
0.8 1.811
0.8 0.419
0.8 0.419
0.7 0.731
0.7 0.762
0.7 1.029
0.7 0.949
0.7 0.834
0.7 1.103
0.7 1.106
0.7 1.052
0.7 0.863
0.7 0.808
0.8 0.813
0.7 0.867
0.8 0.621
0.7 1.103
0.8 0.838
0.7 0.818
0.8 0.807
0.8 0.546
0.8 0.546
0.8 0.452
0.7 1.199
0.8 0.744
0.7 0.831
0.8 0.559
0.8 0.381
0.8 0.732
0.8 0.435
0.8 0.666
0.9 0.777
0.8 1.012
0.8 0.622
0.8 0.642
0.8 1.158
1.0 0.682
1.0 0.682
0.6 0.775
0.7 0.587
0.7 0.603
0.7 0.834
0.8 0.522
0.8 0.841
0.8 0.475
0.7 1.579
0.7 1.003
0.7 0.904
0.8 1.090
0.7 1.131
0.8 0.981
0.7 1.172
0.8 0.956
0.7 1.283
0.7 1.205
0.8 2.277
0.8 2.147
0.8 2.285
0.8 2.234
0.8 2.225
0.7 0.821
0.7 0.701
0.7 0.780
0.7 0.517
0.7 0.396
0.7 0.752
0.7 0.455
0.7 0.741
0.9 0.944
0.7 1.015
0.8 1.306
1.0 0.765
1.0 0.765
0.6 1.074
0.7 0.845
0.7 0.750
0.7 0.858
0.7 0.681
0.8 0.793
0.8 0.808
0.8 0.910
0.8 0.953
0.8 1.075
0.8 0.787
0.7 1.090
0.7 1.127
1.0 0.591
1.0 0.827
0.8 0.862
1.0 0.827
0.9 0.753
0.9 1.043
0.7 1.334
0.7 1.467
0.7 1.250
0.7 1.384
0.6 1.435
0.6 1.461
0.8 1.167
0.8 1.134
0.7 1.146
0.8 1.041
0.7 1.625
0.7 0.775
0.8 0.966
0.8 0.858
0.9 0.592
0.9 0.167
0.9 0.198
0.9 0.611
0.9 0.593
0.9 0.591
0.9 0.548
1.0 0.603
1.0 0.588
1.0 0.155
1.0 0.149
1.0 0.171
1.0 0.249
1.0 0.603
1.0 0.153
1.0 0.616
1.0 0.595
1.0 0.598
1.0 0.535
1.0 0.588
1.0 0.153
1.0 0.607
1.0 0.584
1.0 0.591
1.0 0.547
0.5 1.513
0.5 1.553
0.5 1.179
0.7 1.388
0.7 1.125
0.5 1.255
0.5 1.261
0.6 1.620
0.5 1.533
0.7 1.183
0.6 2.084
1.0 1.284
1.0 1.135
1.0 1.128
1.0 1.303
1.0 1.284
1.0 1.288
1.0 1.256
1.0 0.155
1.0 0.616
1.0 0.607
1.0 0.131
1.0 0.162
1.0 0.301
1.0 0.149
1.0 0.595
1.0 0.584
1.0 0.131
1.0 0.129
1.0 0.260
1.0 0.171
1.0 0.598
1.0 0.591
1.0 0.162
1.0 0.129
1.0 0.256
1.0 0.249
1.0 0.535
1.0 0.547
1.0 0.301
1.0 0.260
1.0 0.256
0.7 1.662
0.8 0.786
1.0 0.175
1.0 0.113
1.0 0.523
1.0 0.753
1.0 0.163
1.0 0.545
1.0 0.163
1.0 0.542
1.0 0.545
1.0 0.542
0.9 2.577
1.0 2.532
1.0 0.104
1.0 0.125
1.0 0.172
1.0 0.384
1.0 0.291
1.0 0.254
1.0 0.112
1.0 0.300
1.0 0.369
1.0 0.530
1.0 0.394
1.0 0.179
1.0 0.531
1.0 0.104
1.0 0.128
1.0 0.149
1.0 0.382
1.0 0.298
1.0 0.251
1.0 0.090
1.0 0.313
1.0 0.363
1.0 0.540
1.0 0.403
1.0 0.164
1.0 0.550
1.0 0.125
1.0 0.128
0.9 0.214
1.0 0.382
1.0 0.285
1.0 0.232
1.0 0.104
1.0 0.309
1.0 0.372
1.0 0.535
1.0 0.406
1.0 0.183
1.0 0.543
1.0 0.172
1.0 0.149
0.9 0.214
1.0 0.396
1.0 0.320
1.0 0.290
1.0 0.160
1.0 0.198
1.0 0.383
1.0 0.547
1.0 0.426
1.0 0.188
1.0 0.552
1.0 0.384
1.0 0.382
1.0 0.382
1.0 0.396
1.0 0.425
1.0 0.428
1.0 0.375
1.0 0.474
1.0 0.132
1.0 0.635
1.0 0.160
1.0 0.368
1.0 0.602
1.0 0.291
1.0 0.298
1.0 0.285
1.0 0.320
1.0 0.425
1.0 0.337
1.0 0.283
1.0 0.407
1.0 0.445
1.0 0.585
1.0 0.445
1.0 0.260
1.0 0.587
1.0 0.254
1.0 0.251
1.0 0.232
1.0 0.290
1.0 0.428
1.0 0.337
1.0 0.232
1.0 0.363
1.0 0.414
1.0 0.562
1.0 0.431
1.0 0.256
1.0 0.570
1.0 0.112
1.0 0.090
1.0 0.104
1.0 0.160
1.0 0.375
1.0 0.283
1.0 0.232
1.0 0.295
1.0 0.361
1.0 0.539
1.0 0.391
1.0 0.134
1.0 0.548
1.0 0.300
1.0 0.313
1.0 0.309
1.0 0.198
1.0 0.474
1.0 0.407
1.0 0.363
1.0 0.295
1.0 0.464
1.0 0.609
1.0 0.486
1.0 0.336
1.0 0.629
1.0 0.369
1.0 0.363
1.0 0.372
1.0 0.383
1.0 0.132
1.0 0.445
1.0 0.414
1.0 0.361
1.0 0.464
1.0 0.627
1.0 0.174
1.0 0.379
1.0 0.612
1.0 0.530
1.0 0.540
1.0 0.535
1.0 0.547
1.0 0.635
1.0 0.585
1.0 0.562
1.0 0.539
1.0 0.609
1.0 0.627
1.0 0.647
1.0 0.555
1.0 0.597
1.0 0.753
1.0 0.388
1.0 0.380
0.9 0.387
0.9 0.399
1.0 0.144
1.0 0.445
1.0 0.409
1.0 0.371
1.0 0.473
1.0 0.105
1.0 0.638
1.0 0.347
1.0 0.173
1.0 0.375
1.0 0.618
1.0 0.367
1.0 0.380
0.9 0.378
0.9 0.375
1.0 0.354
1.0 0.441
1.0 0.401
1.0 0.367
1.0 0.470
1.0 0.350
1.0 0.619
1.0 0.347
1.0 0.372
1.0 0.371
1.0 0.533
1.0 0.394
1.0 0.403
1.0 0.406
1.0 0.426
1.0 0.160
1.0 0.445
1.0 0.431
1.0 0.391
1.0 0.486
1.0 0.174
1.0 0.647
1.0 0.387
1.0 0.604
1.0 0.179
1.0 0.164
1.0 0.183
1.0 0.188
1.0 0.368
1.0 0.260
1.0 0.256
1.0 0.134
1.0 0.336
1.0 0.379
1.0 0.555
1.0 0.387
1.0 0.551
1.0 0.531
1.0 0.550
1.0 0.543
1.0 0.552
1.0 0.602
1.0 0.587
1.0 0.570
1.0 0.548
1.0 0.629
1.0 0.612
1.0 0.597
1.0 0.604
1.0 0.551
0.7 2.451
0.7 2.428
0.9 1.013
1.0 0.237
1.0 0.237
0.9 0.612
0.8 0.951
0.9 1.026
0.9 0.989
0.7 0.893
0.7 0.889
0.8 1.250
0.8 1.252
1.0 0.640
1.0 0.766
0.8 0.899
1.0 0.509
0.7 1.032
1.0 0.640
1.0 0.722
0.8 0.923
1.0 0.784
0.8 0.687
1.0 0.766
1.0 0.722
0.8 1.096
1.0 0.684
0.8 0.899
0.8 0.923
0.8 1.096
0.8 0.939
0.7 0.591
0.7 0.684
0.7 0.791
0.7 0.711
0.7 0.460
0.7 1.114
0.7 0.459
0.7 0.758
0.7 0.860
0.7 0.480
0.7 0.808
1.0 0.669
1.0 0.669
0.8 0.687
0.8 0.790
0.8 0.639
0.7 0.515
0.8 0.967
0.9 0.981
0.8 0.793
0.8 0.970
0.8 0.817
0.8 0.757
0.7 0.700
0.9 1.088
0.9 0.963
0.8 0.829
0.9 0.981
0.7 1.033
1.0 1.100
0.9 1.126
1.0 0.227
0.9 0.257
1.0 0.866
1.0 1.203
1.0 0.814
0.9 1.126
0.9 1.133
1.0 1.138
0.9 0.878
1.0 0.262
1.0 0.893
0.9 0.747
0.9 0.766
0.9 0.780
0.9 0.918
0.8 1.372
0.7 0.906
0.7 0.914
0.7 0.928
0.7 0.705
0.7 0.746
0.7 0.688
0.7 0.786
0.7 0.637
0.7 0.711
0.7 0.656
0.7 0.698
0.7 0.953
0.8 1.014
0.7 0.781
0.7 1.013
0.7 1.066
0.7 0.880
0.7 0.858
0.8 0.834
0.7 0.681
0.7 0.736
0.9 1.038
0.8 1.561
0.8 1.486
0.9 1.038
0.9 0.949
0.8 0.826
0.8 1.102
1.0 0.686
1.0 0.686
0.8 0.800
1.0 0.432
1.0 0.432
0.7 0.593
0.7 0.783
0.8 0.663
0.8 0.808
0.8 0.656
1.0 0.476
1.0 0.717
1.0 0.717
0.7 1.335
1.0 0.509
1.0 0.784
1.0 0.684
0.8 0.939
0.7 1.044
0.7 1.308
0.7 1.426
0.7 1.394
0.7 1.928
0.7 2.269
0.7 1.312
0.7 1.808
0.7 1.227
0.7 1.284
0.7 1.253
0.7 1.578
0.7 1.553
0.7 1.161
0.7 1.206
0.7 1.250
0.6 1.232
0.7 1.342
0.6 1.271
0.7 1.551
0.9 0.920
0.7 1.208
0.8 1.013
0.8 0.906
0.7 0.734
0.7 0.818
0.8 0.897
0.8 1.030
0.8 1.070
0.8 1.240
0.9 0.380
1.0 0.661
1.0 0.661
0.9 0.380
1.0 1.108
1.0 1.092
1.0 0.842
1.0 0.842
1.0 0.446
1.0 0.446
0.8 0.701
0.8 0.602
0.6 1.286
0.6 0.868
0.7 1.368
0.6 0.804
0.7 1.252
0.7 1.567
0.7 1.079
0.7 0.831
0.7 1.283
0.7 0.897
0.7 0.966
0.7 1.293
0.7 1.070
0.7 1.642
0.7 1.556
0.7 1.557
0.7 1.663
0.7 1.538
0.7 1.739
0.7 0.758
0.9 0.838
0.9 0.972
0.9 0.736
0.9 0.889
0.8 1.075
0.9 1.056
0.8 0.878
0.8 1.113
0.7 1.035
0.7 0.871
0.7 1.718
0.9 0.550
0.9 0.850
0.9 0.767
0.7 0.675
0.9 0.380
0.9 1.056
0.7 1.971
0.8 1.040
0.8 0.851
0.8 0.886
0.8 0.942
0.8 0.906
0.8 0.704
0.7 0.660
0.7 0.722
0.7 2.012
0.7 0.869
0.7 0.468
0.7 0.822
0.7 1.091
0.8 0.778
0.8 0.734
0.8 0.593
0.8 1.074
0.7 0.818
0.7 0.961
0.9 0.433
0.9 0.490
0.9 0.543
0.9 0.843
1.0 0.771
1.0 0.538
1.0 0.742
1.0 0.841
0.9 0.704
0.9 0.751
0.9 0.738
0.9 0.732
0.8 0.464
0.8 0.467
0.8 0.535
0.8 0.510
0.8 0.601
0.8 0.528
0.8 0.512
0.8 0.460
0.7 0.491
0.9 0.903
0.8 0.760
0.7 0.693
0.7 0.792
0.8 0.704
0.8 0.452
0.9 0.609
0.9 0.620
0.9 0.582
0.8 0.489
0.8 0.434
0.8 0.735
0.8 1.129
0.8 0.737
0.8 1.117
0.9 0.756
0.9 0.909
0.9 0.433
0.9 0.571
1.0 0.625
1.0 0.905
1.0 0.158
1.0 0.192
1.0 0.223
1.0 0.261
1.0 0.235
1.0 0.261
1.0 0.322
1.0 0.158
1.0 0.171
1.0 0.191
0.9 0.359
1.0 0.192
1.0 0.171
1.0 0.178
1.0 0.223
1.0 0.191
1.0 0.178
1.0 0.235
1.0 0.322
0.7 1.368
1.0 0.736
1.0 0.465
1.0 0.736
1.0 0.601
1.0 0.465
1.0 0.601
0.9 0.490
0.9 0.571
0.9 0.659
0.9 0.854
0.9 0.359
0.8 1.087
0.8 1.050
0.8 0.188
0.9 0.481
0.8 0.465
0.9 0.604
0.9 0.850
1.0 0.859
0.8 1.087
0.7 0.733
0.6 0.909
0.9 1.877
0.6 1.196
0.6 1.104
0.6 1.103
0.9 1.305
0.8 1.111
1.0 0.557
1.0 0.557
1.0 1.101
1.0 0.720
1.0 0.651
1.0 0.691
1.0 0.716
1.0 0.915
0.9 0.833
0.9 1.132
0.9 0.812
0.8 0.767
0.8 0.712
0.8 1.050
1.0 1.101
1.0 1.049
1.0 1.123
1.0 1.179
1.0 1.297
1.0 1.028
1.0 0.602
1.0 0.421
1.0 0.602
1.0 0.710
1.0 0.421
1.0 0.710
1.0 0.855
1.0 0.361
1.0 0.662
1.0 0.361
1.0 0.641
0.8 0.743
0.9 0.602
1.0 0.855
0.8 0.471
0.8 0.660
0.9 0.602
0.8 0.889
0.8 0.661
1.0 0.662
1.0 0.641
0.9 0.511
0.9 0.622
0.9 0.773
1.0 0.575
1.0 0.575
0.9 1.305
0.9 1.877
0.7 0.726
0.7 0.727
0.7 1.067
0.7 1.145
0.7 1.155
0.7 1.233
0.7 1.263
0.7 1.347
0.7 1.256
0.8 1.181
0.7 1.009
0.7 0.398
0.7 0.485
0.7 0.747
0.7 0.610
0.7 0.825
0.7 0.982
0.8 0.992
0.8 0.905
0.8 0.728
0.9 0.777
0.8 0.957
0.7 2.204
0.9 1.201
0.9 1.201
0.8 2.360
0.8 0.689
0.7 1.082
0.7 1.031
0.7 0.865
0.7 0.913
0.7 0.916
0.8 0.689
0.7 2.992
0.4 1.794
1.0 0.591
0.5 2.053
1.0 0.262
1.0 0.858
1.0 0.893
1.0 0.858
0.8 1.607
0.8 2.452
0.5 1.948
1.0 0.304
1.0 0.332
1.0 0.116
1.0 0.304
1.0 0.811
1.0 0.811
1.0 1.276
1.0 1.276
0.5 2.281
0.4 2.142
0.5 2.421
0.5 2.109
0.5 2.336
0.5 1.214
0.5 2.192
0.5 0.890
0.5 2.251
0.5 2.071
0.5 3.226
0.5 0.765
0.5 1.540
0.5 2.177
0.6 0.871
0.6 2.827
0.5 1.053
0.5 2.186
0.5 2.276
0.9 0.296
0.8 0.704
0.8 0.908
1.0 0.804
1.0 0.804
1.0 0.238
1.0 0.238
1.0 0.282
1.0 0.282
0.7 0.924
0.8 0.836
0.8 0.811
0.7 0.629
0.7 0.784
0.7 0.663
0.7 0.735
0.9 0.979
0.7 0.892
0.7 1.033
0.8 1.111
0.8 0.826
0.8 0.798
0.8 0.891
1.0 1.393
1.0 1.393
0.9 0.950
0.9 0.534
0.9 0.834
0.8 0.807
0.9 0.842
0.9 0.519
0.8 1.251
0.8 1.156
0.8 1.433
0.8 1.128
0.8 0.881
0.8 0.427
1.0 0.479
1.0 0.479
0.7 2.360
0.8 1.839
0.7 2.354
0.8 1.839
0.6 3.326
0.6 0.696
0.8 0.485
0.8 0.512
0.7 0.863
0.7 0.705
0.7 0.765
0.7 0.792
0.7 0.874
0.7 0.713
0.7 0.885
0.7 0.819
0.7 2.191
0.9 0.659
0.7 0.863
0.7 0.738
0.7 0.911
0.7 0.976
0.7 0.994
0.7 1.103
0.7 1.032
0.6 1.688
0.6 1.812
1.0 0.421
1.0 0.234
0.5 1.110
0.6 1.261
1.0 0.708
0.6 1.087
0.7 1.136
0.6 1.050
0.7 1.347
0.6 1.150
1.0 0.898
0.7 1.033
0.9 0.641
0.9 0.773
0.9 0.601
0.7 1.042
0.9 0.466
0.9 0.638
0.9 0.769
0.9 1.540
0.9 1.047
0.9 0.884
0.9 0.539
0.9 0.750
0.9 1.032
0.9 0.961
0.9 2.076
1.0 0.644
1.0 0.538
0.7 1.218
0.7 1.201
0.5 0.793
1.0 1.119
0.8 3.109
0.8 3.658
0.8 0.607
0.8 0.607
0.7 1.032
0.8 0.804
0.9 0.684
0.9 0.684
1.0 0.875
1.0 1.067
0.7 1.032
1.0 0.391
1.0 0.596
1.0 1.567
1.0 0.884
1.0 0.763
1.0 0.611
1.0 0.862
1.0 0.781
0.7 0.922
0.7 1.017
0.7 1.140
0.7 1.674
0.7 1.823
0.7 1.264
0.7 1.184
0.7 0.989
0.7 1.156
0.7 1.076
0.7 1.085
0.7 1.879
0.7 1.085
0.9 0.627
0.9 0.707
0.9 1.552
0.9 1.011
0.9 0.899
0.9 0.659
0.9 0.554
0.9 0.749
0.9 0.666
0.9 1.034
0.9 0.878
1.0 0.655
1.0 0.750
1.0 1.677
1.0 0.769
1.0 0.553
1.0 0.611
1.0 1.063
1.0 0.536
0.9 0.295
0.9 0.463
0.9 1.637
0.9 1.001
0.9 0.811
0.8 0.865
0.8 0.786
0.9 0.472
0.9 0.666
0.9 0.664
0.9 0.902
0.9 0.816
1.0 0.825
1.0 0.998
1.0 1.700
1.0 1.204
1.0 1.647
1.0 1.647
1.0 0.773
1.0 0.869
1.0 1.735
1.0 1.204
1.0 0.376
0.9 0.990
0.9 1.143
0.9 1.715
0.8 0.923
0.9 1.243
0.9 1.182
0.9 0.967
0.9 1.143
0.9 0.737
0.9 1.221
0.8 0.901
1.0 0.234
0.8 1.372
0.9 0.566
0.9 0.644
0.8 0.930
0.8 0.913
0.8 1.188
0.8 1.038
0.9 0.987
0.7 0.964
0.7 0.872
0.7 1.048
0.7 0.994
0.7 0.990
0.7 1.205
0.7 1.739
0.8 0.992
0.7 0.848
0.8 0.464
0.8 1.404
0.8 1.306
0.8 1.413
0.7 1.458
0.7 0.635
0.7 1.010
0.7 0.842
0.7 0.698
0.7 1.029
0.8 0.948
0.8 0.814
0.8 1.587
0.6 1.355
0.6 1.802
0.6 1.809
0.6 2.084
0.6 2.411
0.6 1.318
0.6 1.335
0.6 2.132
1.0 0.898
1.0 0.607
0.8 0.786
1.0 0.607
0.6 2.360
0.6 2.401
0.4 1.188
0.9 0.909
0.9 0.823
0.3 2.201
1.0 0.543
1.0 0.543
0.6 0.696
0.6 0.687
0.8 2.044
0.8 2.546
0.7 1.043
0.8 2.605
0.7 1.458
0.7 1.564
0.8 0.633
0.8 0.611
0.2 2.201
0.6 0.687
0.6 2.151
1.0 0.689
1.0 0.689
1.0 0.905
1.0 0.905
0.7 0.947
0.8 1.587
0.7 0.870
0.7 1.455
0.7 1.099
0.7 1.582
0.7 1.351
0.7 1.143
0.6 1.350
0.7 0.977
0.8 1.989
0.8 1.494
0.8 0.687
0.8 0.864
0.4 1.940
0.4 2.172
0.8 1.127
0.7 3.277
1.0 2.031
1.0 2.145
1.0 1.997
1.0 1.801
1.0 2.031
0.6 2.151
0.4 2.172
1.0 2.157
1.0 2.157
0.2 2.301
0.8 1.119
0.9 1.699
0.7 0.945
0.8 1.127
