85.0 0.756
85.0 0.756
80.0 0.841
55.6 3.326
88.9 0.623
94.4 0.646
100.0 0.440
100.0 0.440
100.0 1.596
88.9 0.579
72.2 0.571
100.0 0.376
88.2 1.753
100.0 0.681
100.0 0.681
80.0 1.075
85.0 1.001
90.0 0.450
100.0 0.455
100.0 0.455
85.0 1.003
44.0 3.375
80.0 0.750
100.0 0.277
100.0 0.277
100.0 0.421
75.0 0.791
85.0 0.639
100.0 0.865
100.0 0.865
95.0 0.649
81.8 1.553
90.9 0.819
90.0 0.767
95.0 0.773
95.0 0.773
90.0 1.010
90.0 0.447
100.0 0.860
100.0 0.860
85.0 0.384
85.0 1.188
100.0 0.975
100.0 0.975
100.0 0.476
95.0 0.859
95.0 0.884
90.0 0.860
80.0 0.858
90.9 0.933
90.0 1.579
95.0 0.559
90.0 0.687
95.0 0.887
95.0 0.523
95.0 0.523
100.0 0.965
100.0 0.965
100.0 1.830
100.0 1.830
80.0 1.380
90.9 1.326
95.0 0.671
100.0 0.410
100.0 0.410
100.0 1.334
100.0 1.334
90.0 1.351
90.0 1.351
90.9 0.819
100.0 0.211
100.0 0.211
85.0 0.676
90.9 0.821
85.0 1.030
85.0 1.689
100.0 0.433
100.0 0.433
100.0 0.151
95.0 0.610
100.0 0.972
95.0 0.610
63.6 1.615
95.0 0.804
95.0 0.804
90.0 0.732
90.9 0.625
90.0 1.010
63.6 1.593
100.0 0.452
100.0 0.452
100.0 0.538
100.0 0.815
80.0 1.001
80.0 0.651
85.0 1.412
95.0 0.842
65.0 0.998
95.0 0.842
95.0 0.703
65.0 0.670
100.0 0.708
90.0 0.811
70.0 3.277
85.0 0.518
80.0 0.398
90.0 0.767
95.0 0.884
90.0 1.158
95.0 0.559
94.4 1.119
80.0 1.656
95.0 0.887
100.0 1.135
100.0 1.135
60.0 1.131
50.0 1.188
100.0 1.100
90.0 0.625
95.0 0.419
95.0 0.419
90.0 0.731
90.0 0.808
85.0 0.546
85.0 0.744
90.0 0.559
85.0 1.012
90.0 0.622
100.0 0.682
100.0 0.682
70.0 0.775
90.0 0.522
87.5 1.579
85.0 1.003
90.0 2.277
80.0 0.821
80.0 0.780
90.0 0.944
90.0 1.015
85.0 1.306
100.0 0.765
100.0 0.765
70.0 1.074
70.0 0.845
80.0 0.750
100.0 0.591
75.0 0.827
90.0 0.862
75.0 0.827
95.0 0.753
81.2 1.334
80.0 1.167
85.0 0.775
90.0 0.592
100.0 0.603
100.0 0.603
100.0 0.588
81.8 1.513
95.0 1.284
100.0 0.155
100.0 0.149
100.0 0.171
100.0 0.249
85.0 1.662
95.0 0.786
95.0 0.175
100.0 0.163
100.0 0.163
100.0 0.545
95.0 2.577
100.0 0.104
100.0 0.104
100.0 0.125
100.0 0.172
100.0 0.384
100.0 0.291
100.0 0.254
100.0 0.112
100.0 0.300
100.0 0.369
100.0 0.530
95.0 0.753
95.0 0.367
100.0 0.394
100.0 0.179
100.0 0.531
90.9 2.451
90.0 1.013
100.0 0.237
100.0 0.237
90.0 0.612
90.0 0.989
90.0 1.250
100.0 0.640
100.0 1.032
100.0 0.640
95.0 0.687
100.0 0.766
100.0 0.899
85.0 0.591
100.0 0.669
100.0 0.669
95.0 0.687
90.0 0.515
90.0 0.700
100.0 1.100
95.0 1.126
95.0 1.203
100.0 0.262
90.0 0.747
80.0 0.906
95.0 1.038
87.5 1.561
95.0 1.038
90.0 0.949
100.0 0.686
100.0 0.686
90.0 0.800
100.0 0.432
100.0 0.432
90.0 0.593
100.0 0.476
100.0 0.717
100.0 0.717
80.0 1.335
100.0 0.509
75.0 1.044
90.9 0.920
85.0 1.013
90.0 0.818
90.0 0.897
95.0 0.380
100.0 0.661
100.0 0.661
95.0 0.380
95.0 1.108
100.0 0.842
100.0 0.842
100.0 0.446
100.0 0.446
95.0 0.701
90.9 1.286
85.0 1.252
85.0 0.758
80.0 1.075
85.0 1.056
90.9 0.550
85.0 1.056
85.0 1.040
80.0 0.660
70.0 1.091
85.0 0.734
95.0 0.433
95.0 0.771
90.0 0.704
80.0 0.464
90.0 0.903
85.0 0.760
95.0 0.433
100.0 0.158
100.0 0.261
100.0 0.261
100.0 0.158
95.0 0.359
100.0 0.192
100.0 0.223
100.0 0.235
90.9 1.368
100.0 0.736
100.0 0.736
100.0 0.465
95.0 0.490
95.0 0.359
85.0 0.188
95.0 0.859
95.0 1.087
80.0 0.733
95.0 1.877
81.8 1.196
95.0 1.305
90.0 1.111
100.0 0.557
100.0 0.557
95.0 1.101
95.0 0.716
85.0 0.833
95.0 1.050
100.0 0.602
100.0 0.602
100.0 0.421
100.0 0.855
100.0 0.361
100.0 0.361
90.0 0.743
95.0 0.602
100.0 0.855
85.0 0.471
95.0 0.602
100.0 0.662
90.0 0.511
100.0 0.575
100.0 0.575
95.0 1.305
95.0 1.877
75.0 0.726
80.0 1.145
85.0 0.398
90.0 0.905
83.3 2.204
100.0 1.201
100.0 1.201
90.0 2.360
71.9 0.689
80.0 1.082
71.9 0.689
70.6 2.992
43.5 1.794
100.0 0.591
55.0 2.053
100.0 0.262
100.0 0.893
95.0 1.607
51.6 1.948
100.0 0.304
95.0 0.332
100.0 0.304
100.0 0.811
100.0 0.811
100.0 1.276
100.0 1.276
55.6 2.281
55.0 3.226
55.0 0.765
90.0 0.296
85.0 0.704
100.0 0.804
100.0 0.804
100.0 0.238
100.0 0.238
100.0 0.282
100.0 0.282
85.0 0.924
85.0 0.629
85.0 0.735
90.0 0.979
90.0 0.892
95.0 1.393
95.0 1.393
90.0 0.950
90.0 0.834
100.0 0.479
100.0 0.479
76.5 2.360
80.0 1.839
55.2 3.326
90.0 0.485
80.0 0.512
80.0 0.863
83.3 0.659
80.0 0.863
72.2 1.688
100.0 0.421
100.0 0.234
60.0 1.110
100.0 0.708
81.8 1.087
100.0 0.898
75.0 1.033
90.9 0.641
88.9 0.638
95.0 0.644
75.0 1.218
51.7 0.793
95.0 1.119
85.0 3.109
77.8 0.607
77.8 0.607
85.0 1.032
95.0 0.684
95.0 0.684
100.0 0.875
100.0 1.032
94.4 0.391
72.2 0.922
83.3 0.627
94.4 0.655
83.3 0.295
100.0 0.825
100.0 1.647
100.0 1.647
100.0 0.773
100.0 0.376
88.9 0.990
100.0 0.234
90.0 1.372
85.0 0.930
80.0 0.464
85.0 1.306
80.0 1.458
81.8 1.355
100.0 0.898
95.0 0.607
95.0 0.786
60.0 2.360
50.0 1.188
94.1 0.909
27.3 2.201
100.0 0.543
100.0 0.543
55.2 0.696
85.0 2.044
26.1 2.201
55.2 0.687
60.0 2.151
100.0 0.689
100.0 0.689
100.0 0.905
100.0 0.905
80.0 0.947
81.8 1.351
80.0 1.989
36.7 1.940
75.9 1.127
73.1 3.277
94.1 2.031
70.6 2.151
40.7 2.172
100.0 2.157
100.0 2.157
25.0 2.301
85.0 1.119
75.9 1.127
